4.24382716049382e-7 0.10323993658831788
8.48765432098764e-7 0.09580881933770882
1.273148148148146e-6 0.09725879584588538
1.697530864197528e-6 0.09971706104829285
2.12191358024691e-6 0.0996945244718658
2.546296296296292e-6 0.09891872861080504
2.970679012345674e-6 0.09660409805925468
3.395061728395056e-6 0.09755238639273907
3.819444444444438e-6 0.09429271851709095
4.24382716049382e-6 0.09358698916370092
4.6682098765432025e-6 0.10212579352622159
5.092592592592584e-6 0.10067684558504023
5.516975308641966e-6 0.09807473637066896
5.941358024691348e-6 0.0996307937284438
6.36574074074073e-6 0.1073861243946622
6.790123456790112e-6 0.10873303177774639
7.2145061728394944e-6 0.11276312308561608
7.638888888888877e-6 0.1143733289458599
8.063271604938258e-6 0.11375529651688653
8.48765432098764e-6 0.11385810359522514
8.912037037037022e-6 0.11151831221427876
9.336419753086405e-6 0.11332801328646379
9.760802469135786e-6 0.11634126968901891
1.0185185185185168e-5 0.11688352648352222
1.060956790123455e-5 0.11608400358093232
1.1033950617283932e-5 0.11273110092595254
1.1458333333333315e-5 0.11665810375541522
1.1882716049382696e-5 0.11695748168624702
1.2307098765432079e-5 0.11306925199497041
1.273148148148146e-5 0.10986138881724895
1.3155864197530843e-5 0.11070247601373769
1.3580246913580225e-5 0.11413044328126573
1.4004629629629606e-5 0.10705948674267805
1.4429012345678989e-5 0.10206088272755696
1.485339506172837e-5 0.1034293897855253
1.5277777777777753e-5 0.11116316051459611
1.5702160493827134e-5 0.11608261388992189
1.6126543209876516e-5 0.10588198234468515
1.65509259259259e-5 0.10383814806325929
1.697530864197528e-5 0.11256947410416071
1.7399691358024663e-5 0.10544510113363753
1.7824074074074044e-5 0.1036734457583242
1.8248456790123425e-5 0.10714236316793897
1.867283950617281e-5 0.1080470403274258
1.909722222222219e-5 0.1119300066693419
1.9521604938271573e-5 0.11429815244419335
1.9945987654320954e-5 0.10831098756409749
2.0370370370370335e-5 0.10862389153984571
2.079475308641972e-5 0.11477364469057423
2.12191358024691e-5 0.10800897581896315
2.1643518518518482e-5 0.10633529662815361
2.2067901234567864e-5 0.11614559689329787
2.249228395061725e-5 0.11914586863276953
2.291666666666663e-5 0.1174838710840517
2.334104938271601e-5 0.11075299445648434
2.3765432098765392e-5 0.10448179868211212
2.4189814814814773e-5 0.11442994482414748
2.4614197530864158e-5 0.1208969029621528
2.503858024691354e-5 0.12186479114758346
2.546296296296292e-5 0.11674210233238497
2.5887345679012302e-5 0.10700120187859279
2.6311728395061687e-5 0.11302655703926495
2.6736111111111068e-5 0.11205855664501414
2.716049382716045e-5 0.10448787332225297
2.758487654320983e-5 0.11224623464236586
2.8009259259259212e-5 0.11823602468563284
2.8433641975308596e-5 0.11619675768833002
2.8858024691357978e-5 0.11541919681940271
2.928240740740736e-5 0.11824284975403537
2.970679012345674e-5 0.11620837845022308
3.0131172839506125e-5 0.10863613400183975
3.0555555555555506e-5 0.10168707539606336
3.0979938271604884e-5 0.10160971393069297
3.140432098765427e-5 0.1156463582767069
3.1828703703703653e-5 0.11890767690124726
3.225308641975303e-5 0.11955357245776208
3.2677469135802416e-5 0.11991928548448287
3.31018518518518e-5 0.11715565135171836
3.352623456790118e-5 0.11507668163596006
3.395061728395056e-5 0.1122904757583101
3.437499999999994e-5 0.10352416903954324
3.4799382716049326e-5 0.10462584697286592
3.522376543209871e-5 0.1151689027119588
3.564814814814809e-5 0.12092698490307159
3.607253086419747e-5 0.11980724270630386
3.649691358024685e-5 0.11636358068388347
3.6921296296296236e-5 0.12164127100015089
3.734567901234562e-5 0.12282738038246993
3.7770061728395e-5 0.122258788983536
3.819444444444438e-5 0.11710114555836648
3.861882716049376e-5 0.116021815727009
3.9043209876543145e-5 0.11892187072304304
3.946759259259253e-5 0.12422271145771706
3.989197530864191e-5 0.12528144034160482
4.031635802469129e-5 0.12207289721332955
4.074074074074067e-5 0.1196243554700152
4.1165123456790055e-5 0.11884129099336363
4.158950617283944e-5 0.11910014510272222
4.201388888888882e-5 0.11837708496884296
4.24382716049382e-5 0.11688158991979052
4.286265432098759e-5 0.11617350471094952
4.3287037037036965e-5 0.12141146483207518
4.371141975308635e-5 0.12278044615559784
4.413580246913573e-5 0.1206665254874617
4.456018518518511e-5 0.1190560145495467
4.49845679012345e-5 0.11753969580223854
4.5408950617283875e-5 0.11733156702602755
4.583333333333326e-5 0.11880282856758445
4.625771604938264e-5 0.12104838221255895
4.668209876543202e-5 0.11888267772910027
4.7106481481481407e-5 0.11999521416571408
4.7530864197530784e-5 0.12108415792991933
4.795524691358017e-5 0.120263261859876
4.837962962962955e-5 0.11955058158933851
4.880401234567893e-5 0.12183752774369504
4.9228395061728316e-5 0.12184517639565727
4.9652777777777694e-5 0.12208112184762328
5.007716049382708e-5 0.1213700309546437
5.0501543209876464e-5 0.12230662601097024
5.092592592592584e-5 0.12081346926129187
5.1350308641975226e-5 0.12088494596057084
5.1774691358024604e-5 0.12682012062647133
5.219907407407399e-5 0.13135101866960452
5.262345679012337e-5 0.13148532858610407
5.304783950617275e-5 0.13012562761275254
5.3472222222222136e-5 0.12491871608815985
5.3896604938271514e-5 0.12489597338110207
5.43209876543209e-5 0.11945448971440117
5.474537037037028e-5 0.11192195930344323
5.516975308641966e-5 0.11979193806520327
5.5594135802469046e-5 0.12283375823792908
5.6018518518518424e-5 0.11611617248403198
5.644290123456781e-5 0.11654115271476916
5.686728395061719e-5 0.1186197114558723
5.729166666666657e-5 0.11821648647526961
5.7716049382715955e-5 0.11205680865684794
5.814043209876533e-5 0.10885751952203487
5.856481481481472e-5 0.10968557560165525
5.89891975308641e-5 0.10703217050932164
5.941358024691348e-5 0.11140210986482095
5.9837962962962865e-5 0.11383828118294861
6.026234567901225e-5 0.1027621430399345
6.068672839506163e-5 0.09631803196259846
6.111111111111101e-5 0.11313654394183835
6.15354938271604e-5 0.10449749470302323
6.195987654320977e-5 0.07737147277887041
6.238425925925915e-5 0.09030621176275691
6.280864197530854e-5 0.10136024737710901
6.323302469135792e-5 0.08942932144323484
6.365740740740731e-5 0.07710302101175667
6.408179012345669e-5 0.0940794813389531
6.450617283950606e-5 0.10609687485180144
6.493055555555545e-5 0.09832125876128822
6.535493827160483e-5 0.0801739190142106
6.577932098765422e-5 0.0854624907796306
6.62037037037036e-5 0.08633094386000342
6.662808641975297e-5 0.08652437693607717
6.705246913580236e-5 0.06046075324596111
6.747685185185174e-5 0.054826012407196374
6.790123456790113e-5 0.09337497146507981
6.832561728395051e-5 0.11779020740642793
6.874999999999988e-5 0.1049577175574738
6.917438271604927e-5 0.0721002817400265
6.959876543209865e-5 0.07247785238149843
7.002314814814804e-5 0.06442087982444812
7.044753086419742e-5 0.09230335410812286
7.087191358024679e-5 0.10928948850647094
7.129629629629618e-5 0.09328740211700538
7.172067901234556e-5 0.08530341303578963
7.214506172839495e-5 0.07746962037220827
7.256944444444433e-5 0.06851374075654294
7.29938271604937e-5 0.0971974195217938
7.341820987654309e-5 0.10362761551931407
7.384259259259247e-5 0.0865627894145466
7.426697530864186e-5 0.07643519763138296
7.469135802469124e-5 0.08720710790579074
7.511574074074061e-5 0.1071051296224131
7.554012345679e-5 0.09197174127328468
7.596450617283938e-5 0.10884493806706597
7.638888888888877e-5 0.12168156741505842
7.681327160493815e-5 0.12332268096403678
7.723765432098752e-5 0.12461381499862782
7.76620370370369e-5 0.11692094434367767
7.808641975308629e-5 0.10525788792969923
7.851080246913568e-5 0.10802589037545778
7.893518518518506e-5 0.11601262507109489
7.935956790123443e-5 0.11673494583891214
7.978395061728382e-5 0.10508374590311086
8.02083333333332e-5 0.09342489392184967
8.063271604938259e-5 0.10990058272571018
8.105709876543197e-5 0.11322089955657469
8.148148148148134e-5 0.10526143094716062
8.190586419753073e-5 0.11194886957492262
8.233024691358011e-5 0.11749294526401428
8.27546296296295e-5 0.11740707476787121
8.317901234567888e-5 0.0877021498475616
8.360339506172826e-5 0.06901058233137837
8.402777777777764e-5 0.09456043344252238
8.445216049382702e-5 0.12026037800921116
8.48765432098764e-5 0.12444016488400154
8.530092592592579e-5 0.09802725102580083
8.572530864197517e-5 0.07271180610718109
8.614969135802455e-5 0.06531097341673585
8.657407407407393e-5 0.08719340880373902
8.699845679012331e-5 0.11001691718655002
8.74228395061727e-5 0.1184868959916987
8.784722222222208e-5 0.119587174922437
8.827160493827145e-5 0.11451655181530794
8.869598765432084e-5 0.09264636541423157
8.912037037037022e-5 0.09719722749034365
8.954475308641961e-5 0.09319856461004952
8.9969135802469e-5 0.08702601759908933
9.039351851851836e-5 0.11434214230806256
9.081790123456775e-5 0.12016002732863569
9.124228395061713e-5 0.1113419608946077
9.166666666666652e-5 0.10957534537476235
9.20910493827159e-5 0.12373258382756568
9.251543209876527e-5 0.11150149049872615
9.293981481481466e-5 0.11636900475657697
9.336419753086404e-5 0.10846615263759661
9.378858024691343e-5 0.0800277016016494
9.421296296296281e-5 0.10522225721510148
9.463734567901218e-5 0.12847213174237157
9.506172839506157e-5 0.13252692719449516
9.548611111111095e-5 0.13689719617615537
9.591049382716034e-5 0.11823601909034102
9.633487654320972e-5 0.08803252335355545
9.67592592592591e-5 0.09927045834349718
9.718364197530848e-5 0.09374902023814838
9.760802469135786e-5 0.081038258686198
9.803240740740725e-5 0.10793937835235248
9.845679012345663e-5 0.12781134227070842
9.8881172839506e-5 0.13461018197779553
9.930555555555539e-5 0.1369635563586528
9.972993827160477e-5 0.13256883948583
0.00010015432098765416 0.12609543710727913
0.00010057870370370354 0.10677583995585847
0.00010100308641975293 0.1013117800587548
0.0001014274691358023 0.10757796886802072
0.00010185185185185168 0.10535305163209331
0.00010227623456790107 0.11901228985316503
0.00010270061728395045 0.11958417096386957
0.00010312499999999984 0.11938956676204954
0.00010354938271604921 0.1345695339688813
0.00010397376543209859 0.13352917476780177
0.00010439814814814798 0.12167489855282591
0.00010482253086419736 0.12870227256393754
0.00010524691358024675 0.12882509557024124
0.00010567129629629612 0.10832125128184944
0.0001060956790123455 0.09776417378779799
0.00010652006172839489 0.1215245238332999
0.00010694444444444427 0.13169872104563465
0.00010736882716049366 0.13127753560974587
0.00010779320987654303 0.11273629200779056
0.00010821759259259241 0.11246130346001387
0.0001086419753086418 0.12132607505373617
0.00010906635802469118 0.14168341790111508
0.00010949074074074057 0.13277457619818342
0.00010991512345678994 0.11309875777817135
0.00011033950617283932 0.11101263841259013
0.0001107638888888887 0.12185423196566625
0.00011118827160493809 0.12938284724004442
0.00011161265432098748 0.14387832503068715
0.00011203703703703685 0.14697394600213218
0.00011246141975308623 0.14033871616583682
0.00011288580246913562 0.11408053844957428
0.000113310185185185 0.12329768882646325
0.00011373456790123439 0.14543781426068136
0.00011415895061728376 0.13887380818612718
0.00011458333333333314 0.11262528547133743
0.00011500771604938253 0.11139226713931423
0.00011543209876543191 0.1261031609681928
0.0001158564814814813 0.13496612090006244
0.00011628086419753067 0.13020501442810412
0.00011670524691358005 0.13498097789787863
0.00011712962962962944 0.14702894600228225
0.00011755401234567882 0.13503160715876816
0.0001179783950617282 0.1312565296761146
0.00011840277777777759 0.14499653097278392
0.00011882716049382696 0.15158394297538275
0.00011925154320987635 0.15349308372922482
0.00011967592592592573 0.14562362925110456
0.00012010030864197512 0.14684346583956337
0.0001205246913580245 0.13916934847454365
0.00012094907407407387 0.12987712738432447
0.00012137345679012326 0.13744222540886877
0.00012179783950617264 0.13738931719105088
0.00012222222222222202 0.15134620008420868
0.0001226466049382714 0.16353158654488506
0.0001230709876543208 0.16150987759572555
0.00012349537037037017 0.1418840185776831
0.00012391975308641954 0.12011534697882288
0.00012434413580246893 0.13643550885277697
0.0001247685185185183 0.1478717041772396
0.0001251929012345677 0.1409207591815743
0.00012561728395061708 0.1281564954759034
0.00012604166666666645 0.14540345282538758
0.00012646604938271584 0.15567954539714443
0.00012689043209876522 0.15307725921046683
0.00012731481481481461 0.15336331630810462
0.00012773919753086398 0.1542359874393305
0.00012816358024691338 0.15069524360475314
0.00012858796296296275 0.1386913247343765
0.00012901234567901213 0.13822369083852767
0.00012943672839506152 0.15058801804769933
0.0001298611111111109 0.15449677140132678
0.0001302854938271603 0.14821276929603078
0.00013070987654320966 0.1542700778021478
0.00013113425925925904 0.16139847695012072
0.00013155864197530843 0.16506514379971227
0.0001319830246913578 0.1596945923656348
0.0001324074074074072 0.15515070348928164
0.00013283179012345657 0.16338711917702806
0.00013325617283950594 0.16635897440911598
0.00013368055555555534 0.1643778217058503
0.00013410493827160471 0.163511860883036
0.0001345293209876541 0.16312663201255434
0.00013495370370370348 0.167859594690131
0.00013537808641975285 0.17067982707554882
0.00013580246913580225 0.1660375583641354
0.00013622685185185162 0.15736981291671467
0.00013665123456790102 0.15970135727579773
0.0001370756172839504 0.16543397094484139
0.00013749999999999976 0.16705457329363974
0.00013792438271604916 0.16993723382312398
0.00013834876543209853 0.17143794502800946
0.00013877314814814793 0.16613304635684678
0.0001391975308641973 0.1626804612974377
0.00013962191358024667 0.1714303730232265
0.00014004629629629607 0.17233640282443238
0.00014047067901234544 0.16400753718466551
0.00014089506172839484 0.16139085304168632
0.0001413194444444442 0.1643272464372776
0.00014174382716049358 0.1639596000995485
0.00014216820987654298 0.16441630987392072
0.00014259259259259235 0.1622407891123166
0.00014301697530864175 0.15022063671712407
0.00014344135802469112 0.1563671963269543
0.0001438657407407405 0.16601347724050494
0.0001442901234567899 0.15648292396013336
0.00014471450617283926 0.15643815198232044
0.00014513888888888866 0.16609094122282397
0.00014556327160493803 0.1603166514725733
0.0001459876543209874 0.16609776278050636
0.0001464120370370368 0.1668227559391515
0.00014683641975308617 0.16604499271170567
0.00014726080246913557 0.16296733616605896
0.00014768518518518494 0.16950656723316665
0.0001481095679012343 0.16371339998287543
0.0001485339506172837 0.16363358070568904
0.00014895833333333308 0.17040933995588195
0.00014938271604938248 0.17242371916608232
0.00014980709876543185 0.17417668123342453
0.00015023148148148122 0.1746453050511585
0.00015065586419753062 0.17538661142330528
0.00015108024691358 0.17454194673794948
0.0001515046296296294 0.16840052469345007
0.00015192901234567876 0.16122693073726257
0.00015235339506172813 0.165082548310233
0.00015277777777777753 0.16895469244893424
0.0001532021604938269 0.17192775432929522
0.0001536265432098763 0.17199941400810018
0.00015405092592592567 0.16998229620756578
0.00015447530864197504 0.17880600045398176
0.00015489969135802444 0.18323277330030355
0.0001553240740740738 0.174489367317499
0.0001557484567901232 0.17129693960478432
0.00015617283950617258 0.18028517007641176
0.00015659722222222195 0.186297104170885
0.00015702160493827135 0.18506901393807854
0.00015744598765432072 0.1853939159793467
0.00015787037037037012 0.18487651392632423
0.0001582947530864195 0.18359112591677212
0.00015871913580246886 0.1841343916595564
0.00015914351851851826 0.18625016568439626
0.00015956790123456763 0.1834280132176761
0.00015999228395061703 0.18101106208730078
0.0001604166666666664 0.18036338215134753
0.00016084104938271577 0.18400154376787936
0.00016126543209876517 0.1837598559522357
0.00016168981481481454 0.18302859905443808
0.00016211419753086394 0.18669475315935488
0.0001625385802469133 0.18900983198624818
0.00016296296296296268 0.19129146081164253
0.00016338734567901208 0.190436774477054
0.00016381172839506145 0.18902197828765183
0.00016423611111111085 0.19072527412040996
0.00016466049382716022 0.18870005200660306
0.00016508487654320962 0.18793619653468824
0.000165509259259259 0.19154734736344406
0.00016593364197530836 0.19373134200531705
0.00016635802469135776 0.19254046732976174
0.00016678240740740713 0.19251293083612855
0.00016720679012345653 0.19351972568036802
0.0001676311728395059 0.19305404631744377
0.00016805555555555527 0.19363873067820392
0.00016847993827160467 0.19448456558058694
0.00016890432098765404 0.19516087360078205
0.00016932870370370344 0.19370205958813452
0.0001697530864197528 0.19360968848785404
0.00017017746913580218 0.19703097195682703
0.00017060185185185158 0.19658829284862608
0.00017102623456790095 0.19678915102830488
0.00017145061728395035 0.19784474116561998
0.00017187499999999972 0.19677999950299846
0.0001722993827160491 0.196030751016419
0.0001727237654320985 0.1953510201235773
0.00017314814814814786 0.19631628716045757
0.00017357253086419726 0.19637386414791436
0.00017399691358024663 0.19542882945319406
0.000174421296296296 0.19371728929289303
0.0001748456790123454 0.19353511297153933
0.00017527006172839477 0.19479664965451182
0.00017569444444444417 0.19717580196710563
0.00017611882716049354 0.19691655991035
0.0001765432098765429 0.19803874743419936
0.0001769675925925923 0.19674926988762534
0.00017739197530864168 0.19471994460675784
0.00017781635802469108 0.19886938508955146
0.00017824074074074045 0.19811314134670643
0.00017866512345678982 0.1986215969135456
0.00017908950617283922 0.19600461319695853
0.0001795138888888886 0.19566505109866428
0.000179938271604938 0.195890421455216
0.00018036265432098736 0.19685740363704649
0.00018078703703703673 0.19886946477445028
0.00018121141975308613 0.2010449857332093
0.0001816358024691355 0.20274221680543852
0.0001820601851851849 0.2031903879426415
0.00018248456790123427 0.20191703489379947
0.00018290895061728364 0.20064060809457634
0.00018333333333333304 0.20005356896883167
0.0001837577160493824 0.20232336033027912
0.0001841820987654318 0.20063230401340873
0.00018460648148148118 0.2046554092882052
0.00018503086419753055 0.20579988509516187
0.00018545524691357995 0.20368120200948056
0.00018587962962962932 0.20552582325033855
0.00018630401234567872 0.20731025647938606
0.0001867283950617281 0.20674278810631622
0.00018715277777777746 0.20735468785410832
0.00018757716049382686 0.20692155106238508
0.00018800154320987623 0.20822919547157398
0.00018842592592592563 0.2087261241138909
0.000188850308641975 0.20750286506378346
0.00018927469135802437 0.2079894994348794
0.00018969907407407377 0.2083736756791761
0.00019012345679012314 0.20912094911301002
0.00019054783950617254 0.2078674602877318
0.0001909722222222219 0.20737899796286013
0.00019139660493827128 0.20973731391392905
0.00019182098765432068 0.20972031265903598
0.00019224537037037005 0.210089790387973
0.00019266975308641945 0.20798632082010765
0.00019309413580246882 0.2085301529262333
0.0001935185185185182 0.20641936080694454
0.00019394290123456759 0.2069176617107459
0.00019436728395061696 0.20592739440272154
0.00019479166666666636 0.20881080031871718
0.00019521604938271573 0.20951107489062284
0.0001956404320987651 0.20931720265112144
0.0001960648148148145 0.20892689092631608
0.00019648919753086387 0.213638771435085
0.00019691358024691327 0.21198475273189193
0.00019733796296296264 0.21405023930936812
0.000197762345679012 0.21241448194723708
0.0001981867283950614 0.21363456757990948
0.00019861111111111078 0.21397239221853784
0.00019903549382716017 0.21422731251876034
0.00019945987654320955 0.21230448770175084
0.00019988425925925894 0.21033428655322234
0.00020030864197530832 0.20833942004453387
0.0002007330246913577 0.20817034580246227
0.00020115740740740708 0.20833506636405447
0.00020158179012345646 0.2099945787172968
0.00020200617283950585 0.21344497178139893
0.00020243055555555523 0.21265086931550672
0.0002028549382716046 0.21038517378265847
0.000203279320987654 0.20703652446984144
0.00020370370370370337 0.20832396340580947
0.00020412808641975276 0.20966204107402883
0.00020455246913580213 0.2080917519174137
0.0002049768518518515 0.2068738740373696
0.0002054012345679009 0.20886349813237398
0.00020582561728395028 0.21042381028762194
0.00020624999999999967 0.21124383173810193
0.00020667438271604904 0.21243141639374405
0.00020709876543209842 0.21406718365041302
0.00020752314814814781 0.21398942249819886
0.00020794753086419719 0.21811012004153868
0.00020837191358024658 0.21795403905012603
0.00020879629629629595 0.21662091881844092
0.00020922067901234533 0.21622934012247874
0.00020964506172839472 0.2166985592402258
0.0002100694444444441 0.21743064128462694
0.0002104938271604935 0.2163514968692986
0.00021091820987654286 0.21973897237973025
0.00021134259259259224 0.22007718443986746
0.00021176697530864163 0.22163404544834112
0.000212191358024691 0.2232461092369226
0.0002126157407407404 0.22389722139422852
0.00021304012345678977 0.22411623301444492
0.00021346450617283915 0.22462516269722335
0.00021388888888888854 0.22461448521951108
0.00021431327160493791 0.22481117052011768
0.0002147376543209873 0.22409686931764128
0.00021516203703703668 0.22350732563697254
0.00021558641975308605 0.2238119148756211
0.00021601080246913545 0.22336053486324758
0.00021643518518518482 0.22382125197345162
0.00021685956790123422 0.2228021664533198
0.0002172839506172836 0.22255330829096523
0.00021770833333333296 0.22479732023289578
0.00021813271604938236 0.22500463645799262
0.00021855709876543173 0.22445412625822
0.00021898148148148113 0.2257892006222345
0.0002194058641975305 0.22763097796569773
0.00021983024691357987 0.2259460806074069
0.00022025462962962927 0.22460762954295693
0.00022067901234567864 0.22567855755373425
0.00022110339506172804 0.22338803339259491
0.0002215277777777774 0.22047722833075284
0.00022195216049382678 0.2191999066162431
0.00022237654320987618 0.22098752748601433
0.00022280092592592555 0.22314962695948368
0.00022322530864197495 0.22382548670416383
0.00022364969135802432 0.22256413979659928
0.0002240740740740737 0.22162764178643968
0.0002244984567901231 0.22422711528308606
0.00022492283950617246 0.2277443740503004
0.00022534722222222186 0.22641888065994967
0.00022577160493827123 0.22711744553934313
0.0002261959876543206 0.22490626052370594
0.00022662037037037 0.22525169241698714
0.00022704475308641937 0.22337166823177926
0.00022746913580246877 0.22950052112209957
0.00022789351851851814 0.22737939899594287
0.00022831790123456751 0.23004734491494938
0.0002287422839506169 0.22905210945558713
0.00022916666666666628 0.22843725103871565
0.00022959104938271568 0.22973122146269973
0.00023001543209876505 0.22857787315915803
0.00023043981481481442 0.22609853087285317
0.00023086419753086382 0.22560328325319148
0.0002312885802469132 0.22360998680588826
0.0002317129629629626 0.22662791193824522
0.00023213734567901196 0.2273912856327326
0.00023256172839506133 0.2298735183986554
0.00023298611111111073 0.2305413477912575
0.0002334104938271601 0.2294226860429953
0.0002338348765432095 0.2314510894896176
0.00023425925925925887 0.2327238754104789
0.00023468364197530824 0.23182064702508556
0.00023510802469135764 0.229574238610901
0.000235532407407407 0.2275129688140375
0.0002359567901234564 0.22748842279519213
0.00023638117283950578 0.2279105705715276
0.00023680555555555518 0.2313617483439036
0.00023722993827160455 0.23360108327341578
0.00023765432098765392 0.23256080693158604
0.00023807870370370332 0.23360397584488612
0.0002385030864197527 0.23397384770357277
0.0002389274691358021 0.23292980490179344
0.00023935185185185146 0.23393627500518166
0.00023977623456790083 0.23524176990922352
0.00024020061728395023 0.2361730754170655
0.0002406249999999996 0.23699578851050015
0.000241049382716049 0.23651701269825004
0.00024147376543209837 0.2359439153229125
0.00024189814814814774 0.23596881987215987
0.00024232253086419714 0.2342404504486502
0.0002427469135802465 0.23535029906559018
0.0002431712962962959 0.23434899748947063
0.00024359567901234528 0.23485232490655397
0.00024402006172839465 0.23414576351352717
0.00024444444444444405 0.23467524836978615
0.00024486882716049345 0.2351518755251235
0.0002452932098765428 0.2345740652185088
0.0002457175925925922 0.23507978699954232
0.0002461419753086416 0.23668418309632888
0.00024656635802469093 0.23554822695112165
0.00024699074074074033 0.23668396506566
0.00024741512345678973 0.23770197004915736
0.00024783950617283907 0.23928033898035242
0.00024826388888888847 0.23986261206669252
0.00024868827160493787 0.23854065231710989
0.00024911265432098727 0.24156679354454932
0.0002495370370370366 0.23552669858108588
0.000249961419753086 0.23968779713874175
0.0002503858024691354 0.23844564648301597
0.00025081018518518475 0.23923482883104866
0.00025123456790123415 0.23985493596856836
0.00025165895061728355 0.24111780313479692
0.0002520833333333329 0.23919866125968411
0.0002525077160493823 0.241234544969443
0.0002529320987654317 0.24113677543904416
0.0002533564814814811 0.24137593159691617
0.00025378086419753043 0.2406585649880358
0.00025420524691357983 0.24304965329842815
0.00025462962962962923 0.24283038926691464
0.00025505401234567857 0.24299861962425276
0.00025547839506172797 0.24442282923710065
0.00025590277777777737 0.24285985964029355
0.00025632716049382677 0.24110639104461476
0.0002567515432098761 0.2377643001550378
0.0002571759259259255 0.23579038109851153
0.0002576003086419749 0.23656820547382668
0.00025802469135802425 0.2353638772063426
0.00025844907407407365 0.24052319322661922
0.00025887345679012305 0.24041095452848776
0.0002592978395061724 0.2387359196395513
0.0002597222222222218 0.23621067740547735
0.0002601466049382712 0.23374433608229406
0.0002605709876543206 0.23534324460162695
0.00026099537037036993 0.24014077906158193
0.00026141975308641933 0.24235422616081692
0.0002618441358024687 0.24403975092224228
0.00026226851851851807 0.24478676902483854
0.00026269290123456747 0.2467079755905118
0.00026311728395061687 0.2472974376278414
0.0002635416666666662 0.24758332480429282
0.0002639660493827156 0.24860269596191806
0.000264390432098765 0.24656444884793313
0.0002648148148148144 0.2459235543972246
0.00026523919753086375 0.24554729151870391
0.00026566358024691315 0.2443218958459345
0.00026608796296296255 0.24574865106295105
0.0002665123456790119 0.24444654628998827
0.0002669367283950613 0.24435476789811614
0.0002673611111111107 0.24457817858431272
0.00026778549382716003 0.24540033158953778
0.00026820987654320943 0.24747498008180074
0.0002686342592592588 0.25013203018373426
0.0002690586419753082 0.2487050178898644
0.00026948302469135757 0.24836161002214274
0.00026990740740740697 0.2443398502949594
0.00027033179012345637 0.23917256349408447
0.0002707561728395057 0.23961134496929273
0.0002711805555555551 0.2440303696088531
0.0002716049382716045 0.24786894226709846
0.00027202932098765385 0.2530627438015008
0.00027245370370370325 0.2510497667941289
0.00027287808641975265 0.25234832493214926
0.00027330246913580204 0.25132124159276853
0.0002737268518518514 0.2520621583227658
0.0002741512345679008 0.25263264400137775
0.0002745756172839502 0.2534320239276918
0.00027499999999999953 0.2532043812999972
0.0002754243827160489 0.24685782124273142
0.0002758487654320983 0.24736004229897654
0.00027627314814814767 0.24901009955484793
0.00027669753086419707 0.25146898144203494
0.00027712191358024647 0.25218971937821
0.00027754629629629586 0.2544803550325621
0.0002779706790123452 0.25358576494912843
0.0002783950617283946 0.25495978974248945
0.000278819444444444 0.2546249481960461
0.00027924382716049335 0.2551396942792168
0.00027966820987654275 0.2566921790372936
0.00028009259259259214 0.2569911157255558
0.0002805169753086415 0.2569510665717313
0.0002809413580246909 0.25471712428729526
0.0002813657407407403 0.2561908620163355
0.0002817901234567897 0.2545823412291773
0.00028221450617283903 0.2540044940920707
0.0002826388888888884 0.25280250166174206
0.0002830632716049378 0.2535948257009623
0.00028348765432098717 0.25604460269686546
0.00028391203703703657 0.25540622795276385
0.00028433641975308596 0.2542794556354323
0.0002847608024691353 0.25246730997989286
0.0002851851851851847 0.25604860957448405
0.0002856095679012341 0.2576725155316223
0.0002860339506172835 0.258360618229351
0.00028645833333333285 0.2586957294749709
0.00028688271604938225 0.2575501661873795
0.00028730709876543164 0.25691593934378354
0.000287731481481481 0.2558508026869387
0.0002881558641975304 0.2555808694537832
0.0002885802469135798 0.25823358490740556
0.00028900462962962913 0.2566604319826452
0.0002894290123456785 0.2538742836075324
0.0002898533950617279 0.25364781669258013
0.0002902777777777773 0.2543690055383728
0.00029070216049382667 0.2588197899818722
0.00029112654320987606 0.2590572669190369
0.00029155092592592546 0.2582200226665225
0.0002919753086419748 0.25704945867434187
0.0002923996913580242 0.2567688951009792
0.0002928240740740736 0.2564015948036318
0.000293248456790123 0.25766985575925144
0.00029367283950617235 0.25943932305059203
0.00029409722222222174 0.25995723194038906
0.00029452160493827114 0.261520809495023
0.0002949459876543205 0.2620349243845645
0.0002953703703703699 0.25999291444418815
0.0002957947530864193 0.2592601579099235
0.0002962191358024686 0.25868792032753457
0.000296643518518518 0.2564667787684777
0.0002970679012345674 0.25690550601576195
0.0002974922839506168 0.2588519040274963
0.00029791666666666617 0.26101007307733926
0.00029834104938271556 0.26074547633448586
0.00029876543209876496 0.26040620091393174
0.0002991898148148143 0.26160970009254814
0.0002996141975308637 0.26009538481806044
0.0003000385802469131 0.2605842710605003
0.00030046296296296245 0.259092594205641
0.00030088734567901184 0.25903841071194583
0.00030131172839506124 0.2596677430750534
0.00030173611111111064 0.25927803797035354
0.00030216049382716 0.2601074561910605
0.0003025848765432094 0.2621574802264209
0.0003030092592592588 0.26204841264041223
0.0003034336419753081 0.2635324676198774
0.0003038580246913575 0.26174300477369694
0.0003042824074074069 0.26345306518799116
0.00030470679012345627 0.26177608375570316
0.00030513117283950566 0.2616781954221521
0.00030555555555555506 0.2597795179752997
0.00030597993827160446 0.25800378917891537
0.0003064043209876538 0.2514817541983483
0.0003068287037037032 0.24674059495091055
0.0003072530864197526 0.2500254949737606
0.00030767746913580194 0.2561272590227007
0.00030810185185185134 0.26142058798789547
0.00030852623456790074 0.26391508288303456
0.0003089506172839501 0.2649746549009243
0.0003093749999999995 0.2661700403623387
0.0003097993827160489 0.2628768938791772
0.0003102237654320983 0.2565113651229315
0.0003106481481481476 0.2544706681786583
0.000311072530864197 0.2540474878481113
0.0003114969135802464 0.2580469862176207
0.00031192129629629576 0.2606158117842369
0.00031234567901234516 0.2627235114156924
0.00031277006172839456 0.2640933704806465
0.0003131944444444439 0.2633152214930387
0.0003136188271604933 0.2647829048236541
0.0003140432098765427 0.2655098705575608
0.0003144675925925921 0.26507892106729675
0.00031489197530864144 0.2627459245371958
0.00031531635802469084 0.2639168640511737
0.00031574074074074024 0.26721800862889344
0.0003161651234567896 0.2677522539340572
0.000316589506172839 0.26786675432820606
0.0003170138888888884 0.26928124283594534
0.0003174382716049377 0.26904086043490405
0.0003178626543209871 0.2693582065881788
0.0003182870370370365 0.2686398533302627
0.0003187114197530859 0.2665809044204948
0.00031913580246913526 0.2659094190641941
0.00031956018518518466 0.26495535059259745
0.00031998456790123406 0.2676497114747009
0.0003204089506172834 0.26838294059490453
0.0003208333333333328 0.2642531385069517
0.0003212577160493822 0.2577982522607493
0.00032168209876543154 0.25431255681252657
0.00032210648148148094 0.25706399024213794
0.00032253086419753034 0.26311117371600257
0.00032295524691357974 0.265274312955851
0.0003233796296296291 0.2665702151910107
0.0003238040123456785 0.265741096161945
0.0003242283950617279 0.2651595162282208
0.0003246527777777772 0.26460813982414155
0.0003250771604938266 0.2663341311264635
0.000325501543209876 0.2670677996041443
0.00032592592592592536 0.2675886833769328
0.00032635030864197476 0.2645170425125989
0.00032677469135802416 0.26276795922255003
0.00032719907407407356 0.26048641081288215
0.0003276234567901229 0.2590323593165902
0.0003280478395061723 0.2632850325946935
0.0003284722222222217 0.26593307308621933
0.00032889660493827104 0.26921830202754105
0.00032932098765432044 0.27124078700124776
0.00032974537037036984 0.2726391945600297
0.00033016975308641924 0.2685179454394428
0.0003305941358024686 0.26859942579536816
0.000331018518518518 0.26915927631529907
0.0003314429012345674 0.2704074946212008
0.0003318672839506167 0.2739653879399732
0.0003322916666666661 0.27430451147441715
0.0003327160493827155 0.27303324481780816
0.00033314043209876486 0.270687520833164
0.00033356481481481426 0.2673844426845962
0.00033398919753086366 0.2617808752262157
0.00033441358024691306 0.2591614873043961
0.0003348379629629624 0.25978791647944
0.0003352623456790118 0.2626077947284256
0.0003356867283950612 0.26975909707152257
0.00033611111111111054 0.2716815442924043
0.00033653549382715994 0.2734507506101959
0.00033695987654320934 0.2744750109390388
0.0003373842592592587 0.2731482813918328
0.0003378086419753081 0.26865760570982716
0.0003382330246913575 0.2681315173901335
0.0003386574074074069 0.2666424309787223
0.0003390817901234562 0.2682659575528815
0.0003395061728395056 0.2692124025910353
0.000339930555555555 0.27204461651707695
0.00034035493827160436 0.276649787252676
0.00034077932098765376 0.2779768974857953
0.00034120370370370316 0.27745624086600457
0.0003416280864197525 0.2788806196361445
0.0003420524691358019 0.2769294023786154
0.0003424768518518513 0.27695448468159867
0.0003429012345679007 0.27199686037362275
0.00034332561728395004 0.2697724145815616
0.00034374999999999944 0.27000072063608954
0.00034417438271604884 0.2722218422886926
0.0003445987654320982 0.2712873634620644
0.0003450231481481476 0.2688415179323268
0.000345447530864197 0.26533464809063406
0.0003458719135802463 0.2654197268461535
0.0003462962962962957 0.26876113261734047
0.0003467206790123451 0.2721322377563868
0.0003471450617283945 0.27579230844395236
0.00034756944444444386 0.27708658397473673
0.00034799382716049326 0.27583510630652336
0.00034841820987654266 0.27256975137502265
0.000348842592592592 0.2754330973431643
0.0003492669753086414 0.27726045927837084
0.0003496913580246908 0.2766776902727834
0.00035011574074074014 0.2732297319402259
0.00035054012345678954 0.2659741723628648
0.00035096450617283894 0.2653645832398174
0.00035138888888888833 0.27003798878620555
0.0003518132716049377 0.2713555900548259
0.0003522376543209871 0.2726983055468472
0.0003526620370370365 0.2712077793456176
0.0003530864197530858 0.2716670543544373
0.0003535108024691352 0.26699485303348797
0.0003539351851851846 0.26904910463226567
0.00035435956790123396 0.26814392045956653
0.00035478395061728336 0.26293259155928855
0.00035520833333333276 0.27217248579536635
0.00035563271604938215 0.27802319215040044
0.0003560570987654315 0.2796250644888103
0.0003564814814814809 0.2756280178894728
0.0003569058641975303 0.2726246149013827
0.00035733024691357964 0.2763197078386214
0.00035775462962962904 0.2767921675833985
0.00035817901234567844 0.27707537945213323
0.0003586033950617278 0.28085590509986086
0.0003590277777777772 0.28276973026187074
0.0003594521604938266 0.27838764378968883
0.000359876543209876 0.2719666714857006
0.0003603009259259253 0.2682766103996017
0.0003607253086419747 0.2758528340247151
0.0003611496913580241 0.27638519821078805
0.00036157407407407346 0.2676443092313662
0.00036199845679012286 0.2615389858962961
0.00036242283950617225 0.26281623353098127
0.00036284722222222165 0.26802884374110314
0.000363271604938271 0.27522275154938597
0.0003636959876543204 0.27707386214011875
0.0003641203703703698 0.2715369773171126
0.00036454475308641914 0.269746933897146
0.00036496913580246854 0.2715644998791234
0.00036539351851851793 0.2721050599016574
0.0003658179012345673 0.27265451837133364
0.0003662422839506167 0.27315655706989694
0.0003666666666666661 0.2750002184256285
0.00036709104938271547 0.2763304641502809
0.0003675154320987648 0.27758525081218594
0.0003679398148148142 0.2716303290698624
0.0003683641975308636 0.2709381119242647
0.00036878858024691296 0.27538425859434124
0.00036921296296296236 0.2793170226739709
0.00036963734567901175 0.28115936702931243
0.0003700617283950611 0.2814046744082302
0.0003704861111111105 0.2787664458642803
0.0003709104938271599 0.2796896150605706
0.0003713348765432093 0.2818131387614254
0.00037175925925925864 0.278099220415767
0.00037218364197530803 0.26268569935667024
0.00037260802469135743 0.25546461840201307
0.0003730324074074068 0.2564826490395412
0.0003734567901234562 0.2657198136155525
0.0003738811728395056 0.26911570410436364
0.0003743055555555549 0.2715398158512525
0.0003747299382716043 0.27167314739309345
0.0003751543209876537 0.27079412835394023
0.0003755787037037031 0.27243830410915454
0.00037600308641975246 0.2693296575408827
0.00037642746913580185 0.2674077900355385
0.00037685185185185125 0.26518532471113293
0.0003772762345679006 0.2724686102764694
0.00037770061728395 0.27368311911416315
0.0003781249999999994 0.2720593715504753
0.00037854938271604874 0.2648061428000368
0.00037897376543209813 0.2600956993170362
0.00037939814814814753 0.26381933178738753
0.00037982253086419693 0.2621222850843757
0.0003802469135802463 0.2593486817297761
0.0003806712962962957 0.2587466762685923
0.00038109567901234507 0.26193786815250897
0.0003815200617283944 0.26412558433284283
0.0003819444444444438 0.2653158123370814
0.0003823688271604932 0.25663148587697043
0.00038279320987654256 0.2540329661393238
0.00038321759259259195 0.25929439000269383
0.00038364197530864135 0.26283261715939554
0.00038406635802469075 0.2636773086231624
0.0003844907407407401 0.26317742839544966
0.0003849151234567895 0.26690780483524346
0.0003853395061728389 0.2680988945708394
0.00038576388888888824 0.2567689463354573
0.00038618827160493763 0.24583600966113214
0.00038661265432098703 0.2551196545876807
0.0003870370370370364 0.26588878765323937
0.0003874614197530858 0.26490199084819077
0.00038788580246913517 0.2627595424420791
0.00038831018518518457 0.26430606015655395
0.0003887345679012339 0.2554948494702223
0.0003891589506172833 0.2680078971932632
0.0003895833333333327 0.2683007601852289
0.00039000771604938205 0.2582969696301119
0.00039043209876543145 0.24863531610064799
0.00039085648148148085 0.25250446465220017
0.0003912808641975302 0.2597034286917762
0.0003917052469135796 0.2591141588916342
0.000392129629629629 0.2636536041282821
0.0003925540123456784 0.26001929929015616
0.00039297839506172773 0.2568214331595866
0.00039340277777777713 0.2602547594372369
0.00039382716049382653 0.2658655606917519
0.0003942515432098759 0.2659978970398918
0.00039467592592592527 0.2520941071906833
0.00039510030864197467 0.24277249928725425
0.000395524691358024 0.2553368787340011
0.0003959490740740734 0.26143493841073157
0.0003963734567901228 0.2669263319214009
0.0003967978395061722 0.2712810181921308
0.00039722222222222155 0.2621230429330024
0.00039764660493827095 0.25841753998390554
0.00039807098765432035 0.25872959731490375
0.0003984953703703697 0.2493218535774979
0.0003989197530864191 0.2476376929777073
0.0003993441358024685 0.2517416631087975
0.0003997685185185179 0.25881915184812515
0.00040019290123456723 0.26914647882052406
0.00040061728395061663 0.2704322629150865
0.00040104166666666603 0.26869379758068607
0.0004014660493827154 0.2693905885167461
0.00040189043209876477 0.25979919215509506
0.00040231481481481417 0.24960729444258295
0.0004027391975308635 0.24976044976734674
0.0004031635802469129 0.25134026761290224
0.0004035879629629623 0.2512716690492482
0.0004040123456790117 0.26469884294184104
0.00040443672839506105 0.2639234466898338
0.00040486111111111045 0.26109096629382395
0.00040528549382715985 0.2684732049083168
0.0004057098765432092 0.26956056393973643
0.0004061342592592586 0.273542381800536
0.000406558641975308 0.2717907023356845
0.00040698302469135733 0.2433076410829209
0.00040740740740740673 0.2428423575616098
0.00040783179012345613 0.25142133605607647
0.00040825617283950553 0.25032144815920043
0.00040868055555555487 0.23247192322699256
0.00040910493827160427 0.2452440765870694
0.00040952932098765367 0.27136798105441107
0.000409953703703703 0.26520842578919046
0.0004103780864197524 0.2541768255989767
0.0004108024691358018 0.2579885899657109
0.00041122685185185115 0.2607414233959487
0.00041165123456790055 0.22950844791890226
0.00041207561728394995 0.20149939923065888
0.00041249999999999935 0.2081109345191975
0.0004129243827160487 0.21894624458301212
0.0004133487654320981 0.21127184494535037
0.0004137731481481475 0.24102238561164083
0.00041419753086419683 0.26553550381307345
0.00041462191358024623 0.27007258126703054
0.00041504629629629563 0.2606004981281627
0.00041547067901234497 0.22913817204798628
0.00041589506172839437 0.17332756448616418
0.00041631944444444377 0.19366235790035677
0.00041674382716049317 0.2226321315938431
0.0004171682098765425 0.23917796287864196
0.0004175925925925919 0.23009319062468675
0.0004180169753086413 0.18263060949219304
0.00041844135802469065 0.12048558455583593
0.00041886574074074005 0.11672523396084669
0.00041929012345678945 0.166073679204206
0.0004197145061728388 0.20275470785687844
0.0004201388888888882 0.1695191113114741
0.0004205632716049376 0.18241812292923537
0.000420987654320987 0.25071052385985015
0.00042141203703703633 0.25538321626728994
0.00042183641975308573 0.21270053585932602
0.0004222608024691351 0.1881083071258834
0.00042268518518518447 0.22679391052627318
0.00042310956790123387 0.1776624333424268
0.00042353395061728327 0.14546738713262325
0.0004239583333333326 0.14217513960628256
0.000424382716049382 0.17736795436205396
0.0004248070987654314 0.22980308639260227
0.0004252314814814808 0.19986979250847112
0.00042565586419753015 0.17452888448391898
0.00042608024691357955 0.1538800590273992
0.00042650462962962895 0.21405040399447667
0.0004269290123456783 0.2501977828437352
0.0004273533950617277 0.25040273695388593
0.0004277777777777771 0.18740667874364017
0.00042820216049382643 0.19042486627586463
0.00042862654320987583 0.21247264595276633
0.00042905092592592523 0.13317933541264937
0.0004294753086419746 0.12643990861232834
0.00042989969135802397 0.10944221163820972
0.00043032407407407337 0.0972561197618117
0.00043074845679012277 0.1317729256765903
0.0004311728395061721 0.21927026759231957
0.0004315972222222215 0.25542696932738285
0.0004320216049382709 0.19221063115955908
0.00043244598765432025 0.09024462811680882
0.00043287037037036965 0.14894921742425893
0.00043329475308641905 0.23922127917548777
0.00043371913580246844 0.22405295735524478
0.0004341435185185178 0.22863235718203234
0.0004345679012345672 0.24571514792798368
0.0004349922839506166 0.2179354510147307
0.00043541666666666593 0.15260137707529545
0.00043584104938271533 0.0654210554896044
0.0004362654320987647 0.07134850230047332
0.0004366898148148141 0.16157311318122414
0.00043711419753086347 0.16874431386013453
0.00043753858024691287 0.15303108475424143
0.00043796296296296226 0.2121255803332691
0.0004383873456790116 0.2296610261563611
0.000438811728395061 0.248002892180188
0.0004392361111111104 0.2215562209711557
0.00043966049382715975 0.16358933171958945
0.00044008487654320915 0.16212957326661756
0.00044050925925925855 0.12818032815335376
0.00044093364197530794 0.19689556991649257
0.0004413580246913573 0.22162006539766307
0.0004417824074074067 0.18337906699541895
0.0004422067901234561 0.20899091567418257
0.00044263117283950543 0.17742458427664248
0.0004430555555555548 0.18857332125336795
0.0004434799382716042 0.19581650632254471
0.00044390432098765357 0.1425837335325584
0.00044432870370370297 0.12908806447788287
0.00044475308641975236 0.16560038547276587
0.00044517746913580176 0.18510439966932082
0.0004456018518518511 0.24918126436007304
0.0004460262345679005 0.2654409851745757
0.0004464506172839499 0.2596743129951169
0.00044687499999999925 0.2712007560605696
0.00044729938271604865 0.25054168305618907
0.00044772376543209804 0.23778938630000865
0.0004481481481481474 0.2649179559710665
0.0004485725308641968 0.255582239153146
0.0004489969135802462 0.23283982896348407
0.0004494212962962956 0.20355463146823274
0.0004498456790123449 0.23954612937545136
0.0004502700617283943 0.24703792182399734
0.0004506944444444437 0.20223966332927654
0.00045111882716049307 0.15656729314567558
0.00045154320987654247 0.12131025540867443
0.00045196759259259186 0.15593353124851977
0.0004523919753086412 0.14612919725727097
0.0004528163580246906 0.12884240069145922
0.00045324074074074 0.10168525661694106
0.0004536651234567894 0.029149784880294714
0.00045408950617283875 0.03675506429289208
0.00045451388888888814 0.08031968310926209
0.00045493827160493754 0.14664454871980565
0.0004553626543209869 0.2305223996986948
0.0004557870370370363 0.2212246390390324
0.0004562114197530857 0.12975771755445362
0.00045663580246913503 0.1587898295782413
0.0004570601851851844 0.2438325370807111
0.0004574845679012338 0.2695830750022344
0.0004579089506172832 0.27227618916061735
0.00045833333333333257 0.27709796303328155
0.00045875771604938196 0.2591318356225018
0.00045918209876543136 0.20234680418151796
0.0004596064814814807 0.20438569016046043
0.0004600308641975301 0.25716313034107335
0.0004604552469135795 0.2517391453652297
0.00046087962962962885 0.18527570475061297
0.00046130401234567824 0.18199823150656427
0.00046172839506172764 0.25478457344993183
0.00046215277777777704 0.28300805051389255
0.0004625771604938264 0.2844442656308401
0.0004630015432098758 0.2748714569087314
0.0004634259259259252 0.22996748328646816
0.0004638503086419745 0.1828847161836651
0.0004642746913580239 0.23480462436932584
0.0004646990740740733 0.27243963327180065
0.00046512345679012267 0.24789597778620814
0.00046554783950617206 0.17303093542773923
0.00046597222222222146 0.20648653938831787
0.00046639660493827086 0.24345980516825266
0.0004668209876543202 0.19850190026889258
0.0004672453703703696 0.23618071912420652
0.000467669753086419 0.2594528435768802
0.00046809413580246835 0.21903344698463123
0.00046851851851851774 0.2441806615602847
0.00046894290123456714 0.2675603050551598
0.0004693672839506165 0.2579254186841638
0.0004697916666666659 0.26720403091259953
0.0004702160493827153 0.28751889521291246
0.0004706404320987647 0.27619119362907835
0.000471064814814814 0.2099426405825225
0.0004714891975308634 0.19717996671642288
0.0004719135802469128 0.17763047190835954
0.00047233796296296216 0.13802506369725645
0.00047276234567901156 0.20973764695716599
0.00047318672839506096 0.22649196250146647
0.00047361111111111036 0.19329639519695388
0.0004740354938271597 0.21751337249957609
0.0004744598765432091 0.1858101147120648
0.0004748842592592585 0.2228938444231375
0.00047530864197530784 0.20955004316352607
0.00047573302469135724 0.2273832060043036
0.00047615740740740664 0.2227747261961574
0.000476581790123456 0.15856612461105254
0.0004770061728395054 0.15747726200038653
0.0004774305555555548 0.18311907722545157
0.0004778549382716042 0.17471311081314203
0.0004782793209876535 0.15367773612730265
0.0004787037037037029 0.17433486076247395
0.0004791280864197523 0.25563779562504657
0.00047955246913580166 0.28703243321749367
0.00047997685185185106 0.2903238532648698
0.00048040123456790046 0.2557868605332231
0.0004808256172839498 0.18704487253797883
0.0004812499999999992 0.20776416978515522
0.0004816743827160486 0.2738038278774185
0.000482098765432098 0.25960528847948605
0.00048252314814814734 0.1763381798964664
0.00048294753086419674 0.13967857935751093
0.00048337191358024614 0.19033628198584426
0.0004837962962962955 0.25011379932113587
0.0004842206790123449 0.2715884210381155
0.0004846450617283943 0.24429218805088013
0.0004850694444444436 0.23415481607759084
0.000485493827160493 0.23202939716968798
0.0004859182098765424 0.23181341898134497
0.0004863425925925918 0.28152489964580046
0.00048676697530864116 0.25649443967153773
0.00048719135802469056 0.20350302547352217
0.00048761574074073996 0.2437131420165125
0.0004880401234567893 0.20601669607635223
0.0004884645061728388 0.14322082697523464
0.0004888888888888881 0.23560248192882083
0.0004893132716049374 0.2909794342250188
0.0004897376543209869 0.28127093537810866
0.0004901620370370362 0.24906979855963388
0.0004905864197530856 0.22551988548258178
0.000491010802469135 0.21135415003283373
0.0004914351851851844 0.21899477682636684
0.0004918595679012337 0.22719068993860295
0.0004922839506172832 0.27565283094576243
0.0004927083333333325 0.26860530496264384
0.0004931327160493819 0.2713743699606971
0.0004935570987654313 0.27261387310072605
0.0004939814814814807 0.2473571795224621
0.00049440586419753 0.21153172450176583
0.0004948302469135795 0.26297908966136774
0.0004952546296296288 0.2891710871682104
0.0004956790123456781 0.26122493375663197
0.0004961033950617276 0.27230376953346286
0.0004965277777777769 0.2955537614146656
0.0004969521604938264 0.2835921276709288
0.0004973765432098757 0.268646000538115
0.0004978009259259251 0.27099247236784973
0.0004982253086419745 0.23483441743236336
0.0004986496913580239 0.24661160864051415
0.0004990740740740732 0.29261422649734514
0.0004994984567901227 0.28605502183914255
0.000499922839506172 0.28937642296823607
0.0005003472222222214 0.25720243033858026
0.0005007716049382708 0.2451636456573084
0.0005011959876543202 0.2741161353145568
0.0005016203703703695 0.27067369296665733
0.000502044753086419 0.2625265076542069
0.0005024691358024683 0.2807311724390253
0.0005028935185185176 0.26320704167155234
0.0005033179012345671 0.2384803504097268
0.0005037422839506164 0.26492898837558804
0.0005041666666666658 0.26974881742868584
0.0005045910493827152 0.27836794748350474
0.0005050154320987646 0.2682798388050736
0.000505439814814814 0.2644211774728932
0.0005058641975308634 0.28273442341346383
0.0005062885802469127 0.29892063393160023
0.0005067129629629622 0.28239384533492784
0.0005071373456790115 0.266333701308704
0.0005075617283950609 0.2918483861328553
0.0005079861111111103 0.30682276218186116
0.0005084104938271597 0.3113968694645818
0.000508834876543209 0.3027467083006651
0.0005092592592592585 0.29228026526646605
0.0005096836419753078 0.2787437203023086
0.0005101080246913571 0.28426479813999106
0.0005105324074074066 0.2937284568222189
0.0005109567901234559 0.29918698950265415
0.0005113811728395053 0.3027662220747224
0.0005118055555555547 0.2986686685011874
0.0005122299382716041 0.28623909703790545
0.0005126543209876535 0.2804632621279206
0.0005130787037037029 0.292933337247587
0.0005135030864197522 0.2825983887401704
0.0005139274691358017 0.2710001573373299
0.000514351851851851 0.2902034379849147
0.0005147762345679004 0.3032349519537478
0.0005152006172839498 0.2966877950229663
0.0005156249999999992 0.28610087097099335
0.0005160493827160485 0.29300628419201785
0.000516473765432098 0.2959638271125124
0.0005168981481481473 0.3056472002114106
0.0005173225308641966 0.3026434508206303
0.0005177469135802461 0.2999868656394344
0.0005181712962962954 0.3074877936960062
0.0005185956790123448 0.29460132673528483
0.0005190200617283942 0.2920281089789488
0.0005194444444444436 0.3015273640649872
0.0005198688271604929 0.3016790894342467
0.0005202932098765424 0.29495678455213337
0.0005207175925925917 0.28447316855983606
0.0005211419753086412 0.2980327439935855
0.0005215663580246905 0.31086834131622415
0.0005219907407407399 0.3081576815664806
0.0005224151234567893 0.3023704356694771
0.0005228395061728387 0.302400063250385
0.000523263888888888 0.3094988324773244
0.0005236882716049375 0.3031188734060669
0.0005241126543209868 0.303853171684261
0.0005245370370370361 0.31455622922295423
0.0005249614197530856 0.3165824445111723
0.0005253858024691349 0.31099042498165186
0.0005258101851851843 0.31301533519733554
0.0005262345679012337 0.3020572150796065
0.0005266589506172831 0.30375848219064777
0.0005270833333333324 0.31150658944730153
0.0005275077160493819 0.30660214266425956
0.0005279320987654312 0.31000746152711056
0.0005283564814814806 0.31398398387715887
0.00052878086419753 0.30520355244548203
0.0005292052469135794 0.2861012106734919
0.0005296296296296288 0.2682938880623797
0.0005300540123456782 0.2778991345627365
0.0005304783950617275 0.30690245546733363
0.000530902777777777 0.31901529383359406
0.0005313271604938263 0.316024335628821
0.0005317515432098756 0.3096897524698792
0.0005321759259259251 0.29129641100009784
0.0005326003086419744 0.29309510226712343
0.0005330246913580238 0.30965401145328403
0.0005334490740740732 0.3151079175088716
0.0005338734567901226 0.3211071289839913
0.0005342978395061719 0.3221676022460855
0.0005347222222222214 0.318597143213126
0.0005351466049382707 0.31525839464370753
0.0005355709876543201 0.3093575605282239
0.0005359953703703695 0.29523652040014536
0.0005364197530864189 0.26775760766048695
0.0005368441358024682 0.26122896980849875
0.0005372685185185177 0.2904494553371021
0.000537692901234567 0.29945800697714636
0.0005381172839506164 0.2853999393332364
0.0005385416666666658 0.299613222387399
0.0005389660493827151 0.3141400197578282
0.0005393904320987646 0.3201124358798338
0.0005398148148148139 0.31560937827700963
0.0005402391975308633 0.2914156793751635
0.0005406635802469127 0.28889170427142286
0.0005410879629629621 0.3048783116979823
0.0005415123456790114 0.315505407522329
0.0005419367283950609 0.31878942645822167
0.0005423611111111102 0.31949849474400505
0.0005427854938271596 0.3163757082162194
0.000543209876543209 0.31674153017490647
0.0005436342592592584 0.30827101936891427
0.0005440586419753077 0.3048870141431764
0.0005444830246913572 0.277461024737932
0.0005449074074074065 0.256058156076917
0.000545331790123456 0.27154239855680956
0.0005457561728395053 0.29519253370881543
0.0005461805555555546 0.29989223546240695
0.0005466049382716041 0.2918490080195446
0.0005470293209876534 0.2866142313677838
0.0005474537037037028 0.2899445297763276
0.0005478780864197522 0.29928453864356286
0.0005483024691358016 0.30701542886633865
0.0005487268518518509 0.3116791726318343
0.0005491512345679004 0.301117230880524
0.0005495756172839497 0.28410561563897885
0.0005499999999999991 0.2977897150496709
0.0005504243827160485 0.29355366055551146
0.0005508487654320979 0.28601087318607715
0.0005512731481481472 0.3100073060776903
0.0005516975308641967 0.3223603462567833
0.000552121913580246 0.32321244495863166
0.0005525462962962953 0.32124695057569047
0.0005529706790123448 0.3199255129796622
0.0005533950617283941 0.3194170166594282
0.0005538194444444436 0.31331277064942237
0.0005542438271604929 0.317633836067368
0.0005546682098765423 0.31624303328808073
0.0005550925925925917 0.320873006297889
0.0005555169753086411 0.3094333633421821
0.0005559413580246904 0.28037796962644135
0.0005563657407407399 0.29382438689988427
0.0005567901234567892 0.285104162683023
0.0005572145061728386 0.26703194950087544
0.000557638888888888 0.27367358756708055
0.0005580632716049374 0.29470530166146125
0.0005584876543209867 0.30216369779750274
0.0005589120370370361 0.2934536524408442
0.0005593364197530855 0.3009628653844306
0.0005597608024691348 0.3137161431826589
0.0005601851851851843 0.31684708184768534
0.0005606095679012336 0.31729127860440237
0.000561033950617283 0.3100986674436376
0.0005614583333333324 0.3188119739165866
0.0005618827160493818 0.3135605334488372
0.0005623070987654312 0.31226012995472086
0.0005627314814814806 0.3140801867327201
0.0005631558641975299 0.32125480793844574
0.0005635802469135794 0.3236052671300918
0.0005640046296296287 0.3158486641160328
0.0005644290123456781 0.31978873091953314
0.0005648533950617275 0.3257186085733144
0.0005652777777777769 0.3234324594638584
0.0005657021604938262 0.3202776574925977
0.0005661265432098756 0.32347814405507264
0.000566550925925925 0.3236945007309696
0.0005669753086419743 0.30805748578445263
0.0005673996913580238 0.301539015915882
0.0005678240740740731 0.3221567314253156
0.0005682484567901225 0.3267349463422401
0.0005686728395061719 0.32440795331239486
0.0005690972222222213 0.3185604271469903
0.0005695216049382706 0.3199849241326287
0.0005699459876543201 0.31511787166686994
0.0005703703703703694 0.30732420375055736
0.0005707947530864189 0.31190923156701406
0.0005712191358024682 0.3085114901920236
0.0005716435185185176 0.313230076652917
0.000572067901234567 0.320396127855236
0.0005724922839506163 0.3180966465495707
0.0005729166666666657 0.31652469625642654
0.0005733410493827151 0.32475791155779943
0.0005737654320987645 0.324582765739113
0.0005741898148148138 0.3148746319283879
0.0005746141975308633 0.3023252239308381
0.0005750385802469126 0.2787990342825456
0.000575462962962962 0.2882280555368495
0.0005758873456790114 0.3112668158866911
0.0005763117283950608 0.31855942383042885
0.0005767361111111101 0.31017407133691305
0.0005771604938271596 0.29305441767941715
0.0005775848765432089 0.28233874921147434
0.0005780092592592583 0.2856223635364058
0.0005784336419753077 0.2973218528796823
0.000578858024691357 0.3126996083421804
0.0005792824074074065 0.3119255792133837
0.0005797067901234558 0.3222938185675764
0.0005801311728395052 0.3199405563154154
0.0005805555555555546 0.32108210407991344
0.000580979938271604 0.3184285167965003
0.0005814043209876533 0.310382983313834
0.0005818287037037028 0.31690216227953355
0.0005822530864197521 0.31933336302153187
0.0005826774691358015 0.31997673128577303
0.0005831018518518509 0.3107325932154468
0.0005835262345679003 0.30427548946573335
0.0005839506172839496 0.324877112832934
0.0005843749999999991 0.3274687550606066
0.0005847993827160484 0.323096950537121
0.0005852237654320978 0.3217692530707299
0.0005856481481481472 0.3186768088076502
0.0005860725308641966 0.3060164995259258
0.000586496913580246 0.2966483940337933
0.0005869212962962953 0.26445152758073104
0.0005873456790123447 0.2659100850574364
0.0005877700617283941 0.30414395930565374
0.0005881944444444435 0.31813361623345054
0.0005886188271604928 0.322762923584113
0.0005890432098765423 0.31820932582633665
0.0005894675925925916 0.3026627057522878
0.000589891975308641 0.31014767773334534
0.0005903163580246904 0.32745709798604694
0.0005907407407407398 0.33188563211502287
0.0005911651234567891 0.33061620215461945
0.0005915895061728386 0.3311879571933614
0.0005920138888888879 0.3250732647836654
0.0005924382716049373 0.3179393689899864
0.0005928626543209867 0.3233824879345596
0.000593287037037036 0.3230395726622386
0.0005937114197530854 0.3202230219182407
0.0005941358024691348 0.31861851437978034
0.0005945601851851842 0.3245520490087406
0.0005949845679012336 0.32608772890964677
0.000595408950617283 0.30914132856155874
0.0005958333333333323 0.3081812276518823
0.0005962577160493818 0.312284961521883
0.0005966820987654311 0.31405466146063393
0.0005971064814814805 0.31235946433398104
0.0005975308641975299 0.3033749734229647
0.0005979552469135793 0.3223440469974981
0.0005983796296296286 0.3291065139592499
0.0005988040123456781 0.3210283558180128
0.0005992283950617274 0.3162043649635779
0.0005996527777777768 0.3242944246867194
0.0006000771604938262 0.3224182643213635
0.0006005015432098755 0.32179948365629174
0.0006009259259259249 0.32151061562927225
0.0006013503086419743 0.3105823106386691
0.0006017746913580237 0.3007842975772343
0.000602199074074073 0.31703295369042706
0.0006026234567901225 0.3233049879671059
0.0006030478395061718 0.3219911661215505
0.0006034722222222213 0.3164875283233877
0.0006038966049382706 0.32095557565333926
0.00060432098765432 0.331571145066742
0.0006047453703703694 0.33252187548905054
0.0006051697530864188 0.3304484550138725
0.0006055941358024681 0.33349047198686343
0.0006060185185185176 0.33105608388644553
0.0006064429012345669 0.3316747884207399
0.0006068672839506163 0.32199020609331525
0.0006072916666666657 0.32366094586942634
0.000607716049382715 0.3281149565648948
0.0006081404320987644 0.3296513632387172
0.0006085648148148138 0.32518667862473066
0.0006089891975308632 0.3293392719769175
0.0006094135802469125 0.3303691421621213
0.000609837962962962 0.3294568935135365
0.0006102623456790113 0.33712891154928365
0.0006106867283950607 0.33603662232637155
0.0006111111111111101 0.3351882838165178
0.0006115354938271595 0.33286905411962037
0.0006119598765432089 0.32910432410812107
0.0006123842592592583 0.32375255418522597
0.0006128086419753076 0.3307466353160317
0.0006132330246913571 0.3360681023079028
0.0006136574074074064 0.3354219222909093
0.0006140817901234557 0.33215313440555416
0.0006145061728395052 0.3283879234586924
0.0006149305555555545 0.3284900616549413
0.0006153549382716039 0.3329625244818376
0.0006157793209876533 0.3320483896983068
0.0006162037037037027 0.3294680446306498
0.000616628086419752 0.3247388391078313
0.0006170524691358015 0.32388644480088224
0.0006174768518518508 0.32598036441950456
0.0006179012345679002 0.33129006898145535
0.0006183256172839496 0.33342266905237833
0.000618749999999999 0.3332947629718054
0.0006191743827160484 0.33184717678976605
0.0006195987654320978 0.3361791321903979
0.0006200231481481471 0.33837597986182094
0.0006204475308641966 0.3361537406285008
0.0006208719135802459 0.3322351775049811
0.0006212962962962952 0.32820596050378675
0.0006217206790123447 0.3248961321736341
0.000622145061728394 0.3289304503122747
0.0006225694444444434 0.3345745479424254
0.0006229938271604928 0.3340133805086314
0.0006234182098765422 0.3258051744953411
0.0006238425925925915 0.32755644307854903
0.000624266975308641 0.32855855995665234
0.0006246913580246903 0.3334849371258191
0.0006251157407407397 0.33116255627876956
0.0006255401234567891 0.32687931476247617
0.0006259645061728385 0.33288627565299095
0.0006263888888888878 0.3340723515764401
0.0006268132716049373 0.33265524789015216
0.0006272376543209866 0.3328737360303218
0.0006276620370370361 0.33721689483361694
0.0006280864197530854 0.3355142011841734
0.0006285108024691347 0.33509767658519274
0.0006289351851851842 0.33285038538225015
0.0006293595679012335 0.3358865243343941
0.0006297839506172829 0.33559539456376647
0.0006302083333333323 0.3331562324072428
0.0006306327160493817 0.33535187505234393
0.000631057098765431 0.3351357348668915
0.0006314814814814805 0.3317180593711361
0.0006319058641975298 0.3249584194756161
0.0006323302469135792 0.3234042898150824
0.0006327546296296286 0.3259938218876975
0.000633179012345678 0.33018760150544707
0.0006336033950617273 0.33352227894347203
0.0006340277777777768 0.3359557126788962
0.0006344521604938261 0.3376981444502563
0.0006348765432098754 0.3353165469158434
0.0006353009259259249 0.33241586491786335
0.0006357253086419742 0.3389742276717331
0.0006361496913580237 0.333485385030947
0.000636574074074073 0.3319267398596465
0.0006369984567901224 0.32911454658033257
0.0006374228395061718 0.33409358296074876
0.0006378472222222212 0.33391197446306436
0.0006382716049382705 0.33690181367146504
0.00063869598765432 0.3385499249905963
0.0006391203703703693 0.3403877714799102
0.0006395447530864187 0.33943829760888156
0.0006399691358024681 0.33905260775411644
0.0006403935185185175 0.33800907552288356
0.0006408179012345668 0.3355827980313421
0.0006412422839506163 0.33641024990362467
0.0006416666666666656 0.33612539578397044
0.000642091049382715 0.3368871594512744
0.0006425154320987644 0.3384046351803612
0.0006429398148148137 0.33735212957627747
0.0006433641975308631 0.3367193800583364
0.0006437885802469125 0.33827517297863774
0.0006442129629629619 0.33558920040705065
0.0006446373456790113 0.33694993440635673
0.0006450617283950607 0.33639669359976004
0.00064548611111111 0.3373648978108481
0.0006459104938271595 0.33668805841414495
0.0006463348765432088 0.33576814639662284
0.0006467592592592582 0.3346964381552841
0.0006471836419753076 0.33850619318262576
0.000647608024691357 0.33833337669119173
0.0006480324074074063 0.3358517569738304
0.0006484567901234558 0.3401956067255589
0.0006488811728395051 0.33955134093013606
0.0006493055555555544 0.3396305249595778
0.0006497299382716039 0.3401912867546115
0.0006501543209876532 0.34114093047592803
0.0006505787037037026 0.34093600904948573
0.000651003086419752 0.33856245578655897
0.0006514274691358014 0.34004534480761783
0.0006518518518518507 0.3418213035449471
0.0006522762345679002 0.3423076761098137
0.0006527006172839495 0.3411514025197239
0.000653124999999999 0.3417063187698734
0.0006535493827160483 0.34217243383826573
0.0006539737654320977 0.3412765665987391
0.0006543981481481471 0.3408910500683411
0.0006548225308641965 0.33844006500169505
0.0006552469135802458 0.3358330691633975
0.0006556712962962953 0.33570211165531066
0.0006560956790123446 0.3368614775728167
0.0006565200617283939 0.3345342745119702
0.0006569444444444434 0.3351505977871338
0.0006573688271604927 0.33702496678881627
0.0006577932098765421 0.3379176006890127
0.0006582175925925915 0.33908201287941636
0.0006586419753086409 0.3405806993851032
0.0006590663580246902 0.3398801188236503
0.0006594907407407397 0.34019779333461636
0.000659915123456789 0.34093728550967034
0.0006603395061728385 0.33952356690491936
0.0006607638888888878 0.33844151604312817
0.0006611882716049372 0.3365647640315507
0.0006616126543209866 0.33393832598349993
0.000662037037037036 0.33349844524658956
0.0006624614197530853 0.3347523838951922
0.0006628858024691348 0.33346365853534166
0.0006633101851851841 0.33386452159992536
0.0006637345679012334 0.33275528552923944
0.0006641589506172829 0.3296305433277281
0.0006645833333333322 0.3328141083400203
0.0006650077160493816 0.3341609790420503
0.000665432098765431 0.33686105703916025
0.0006658564814814804 0.33852397171606124
0.0006662808641975297 0.340036024593176
0.0006667052469135792 0.34016354899680595
0.0006671296296296285 0.3395669561667324
0.0006675540123456779 0.33871949474522695
0.0006679783950617273 0.33875657121784986
0.0006684027777777767 0.3389594056476334
0.0006688271604938261 0.3380523704126746
0.0006692515432098755 0.33811184342560807
0.0006696759259259248 0.3406694664381571
0.0006701003086419743 0.34266047831334745
0.0006705246913580236 0.3430636069031409
0.0006709490740740729 0.34141310175506034
0.0006713734567901224 0.3421572186853731
0.0006717978395061717 0.340828543726156
0.0006722222222222211 0.34204505146084646
0.0006726466049382705 0.33849630739706627
0.0006730709876543199 0.3396059641277092
0.0006734953703703692 0.33995584388500594
0.0006739197530864187 0.34089111210507206
0.000674344135802468 0.3418785870578232
0.0006747685185185174 0.34184022759880184
0.0006751929012345668 0.34197091558817966
0.0006756172839506162 0.340345341806844
0.0006760416666666655 0.3418881303450835
0.000676466049382715 0.34087601901467923
0.0006768904320987643 0.34293646832865565
0.0006773148148148138 0.3444868202272612
0.0006777391975308631 0.34121067126765053
0.0006781635802469124 0.33960864290439813
0.0006785879629629619 0.3391259188569364
0.0006790123456790112 0.34179127674317383
0.0006794367283950606 0.34086387502437693
0.00067986111111111 0.3411867819034046
0.0006802854938271594 0.33923424561956794
0.0006807098765432087 0.3339459165059295
0.0006811342592592582 0.3298394873290752
0.0006815586419753075 0.327345843041188
0.0006819830246913569 0.3371773496873299
0.0006824074074074063 0.3403849123466078
0.0006828317901234557 0.34089400681134496
0.000683256172839505 0.3404946967936045
0.0006836805555555545 0.3424386448536253
0.0006841049382716038 0.3410388345892149
0.0006845293209876531 0.3368277830216864
0.0006849537037037026 0.3421583442767924
0.0006853780864197519 0.3451343823186858
0.0006858024691358014 0.3446171756743034
0.0006862268518518507 0.3431018985405721
0.0006866512345679001 0.3442044648786292
0.0006870756172839495 0.3404429865555136
0.0006874999999999989 0.3319799848632176
0.0006879243827160482 0.33502619142733525
0.0006883487654320977 0.3413159944445155
0.000688773148148147 0.3423709700528291
0.0006891975308641964 0.34526169641861754
0.0006896219135802458 0.34286602365962504
0.0006900462962962952 0.3421271824442986
0.0006904706790123445 0.3333039611419108
0.000690895061728394 0.33235977014355766
0.0006913194444444433 0.3417995728810041
0.0006917438271604926 0.34358593512721525
0.0006921682098765421 0.34227702912218916
0.0006925925925925914 0.3408127235222801
0.0006930169753086409 0.3404082281322466
0.0006934413580246902 0.339716273973672
0.0006938657407407396 0.328583979771095
0.000694290123456789 0.3349811961265804
0.0006947145061728384 0.34157877434454553
0.0006951388888888877 0.3400498826905227
0.0006955632716049372 0.3393956346158248
0.0006959876543209865 0.3369654491257423
0.0006964120370370359 0.33312554208531975
0.0006968364197530853 0.32936470258434536
0.0006972608024691347 0.32019529053724377
0.000697685185185184 0.3302124052669561
0.0006981095679012335 0.33475137745702827
0.0006985339506172828 0.3325146828922909
0.0006989583333333321 0.32848174920241885
0.0006993827160493816 0.3277874710371015
0.0006998070987654309 0.32604996605762954
0.0007002314814814803 0.32317736839432354
0.0007006558641975297 0.3135190836547108
0.0007010802469135791 0.32270897025592876
0.0007015046296296285 0.328209852874255
0.0007019290123456779 0.3256835914162642
0.0007023533950617272 0.3200012603840222
0.0007027777777777767 0.32279726018123117
0.000703202160493826 0.3243169428382169
0.0007036265432098754 0.30465113197176724
0.0007040509259259248 0.29880132798536707
0.0007044753086419742 0.32133688944760397
0.0007048996913580235 0.3244051692427996
0.000705324074074073 0.3158501381291755
0.0007057484567901223 0.3147531102564282
0.0007061728395061716 0.32760216840745576
0.0007065972222222211 0.32087303939475686
0.0007070216049382704 0.3103759666768817
0.0007074459876543198 0.30315848051483507
0.0007078703703703692 0.3285059659150857
0.0007082947530864186 0.326325720747428
0.0007087191358024679 0.31975939039775286
0.0007091435185185174 0.32263156402844634
0.0007095679012345667 0.3341576606944088
0.0007099922839506162 0.32705178055305323
0.0007104166666666655 0.31516184823667365
0.0007108410493827149 0.3188995372275179
0.0007112654320987643 0.3292633795252836
0.0007116898148148137 0.29638485590985014
0.000712114197530863 0.2486024575708501
0.0007125385802469124 0.21716642709508727
0.0007129629629629618 0.2375035632461996
0.0007133873456790111 0.2745915300253894
0.0007138117283950606 0.30360239672510936
0.0007142361111111099 0.3122702543573646
0.0007146604938271593 0.32264047070349083
0.0007150848765432087 0.3324440264645744
0.0007155092592592581 0.34423887128425085
0.0007159336419753074 0.3426424969702262
0.0007163580246913569 0.3312612839671701
0.0007167824074074062 0.33447516693546114
0.0007172067901234556 0.34091626197578434
0.000717631172839505 0.3458802626460274
0.0007180555555555544 0.335500233601221
0.0007184799382716038 0.32785956872877536
0.0007189043209876532 0.33311993041314114
0.0007193287037037025 0.3432070216030017
0.000719753086419752 0.3445511243128979
0.0007201774691358013 0.3312111924471531
0.0007206018518518506 0.32922963566273566
0.0007210262345679001 0.3331091134041745
0.0007214506172839494 0.3439875125804401
0.0007218749999999988 0.3400666162994054
0.0007222993827160482 0.3269690783070339
0.0007227237654320976 0.3249946536371402
0.0007231481481481469 0.32702351355416315
0.0007235725308641964 0.33326828078534415
0.0007239969135802457 0.3323902117273102
0.0007244212962962951 0.3303535761935187
0.0007248456790123445 0.3333995126988944
0.0007252700617283939 0.34074987260919004
0.0007256944444444433 0.34779259440074184
0.0007261188271604927 0.3458249764121972
0.000726543209876542 0.33772839799982085
0.0007269675925925914 0.3367704124615808
0.0007273919753086408 0.33319423844625623
0.0007278163580246901 0.34484203898720306
0.0007282407407407396 0.3449018972439912
0.0007286651234567889 0.340119441513533
0.0007290895061728383 0.3406471198186103
0.0007295138888888877 0.3425651229281658
0.0007299382716049371 0.3505701152779256
0.0007303626543209864 0.3507303395334469
0.0007307870370370359 0.34244358833113814
0.0007312114197530852 0.33762801659053115
0.0007316358024691346 0.34258727063876093
0.000732060185185184 0.34790796914845573
0.0007324845679012334 0.3478545822020457
0.0007329089506172827 0.3459725827880992
0.0007333333333333321 0.34558388652774474
0.0007337577160493815 0.34274114765287667
0.0007341820987654309 0.3468407810486959
0.0007346064814814803 0.34611228626339297
0.0007350308641975296 0.34147456306109625
0.0007354552469135791 0.34468863431233476
0.0007358796296296284 0.34392539201292316
0.0007363040123456778 0.3394123822609369
0.0007367283950617272 0.33972519793669775
0.0007371527777777766 0.3387963134855194
0.0007375771604938259 0.3341071262017153
0.0007380015432098754 0.3283382259997867
0.0007384259259259247 0.32334129177990134
0.0007388503086419741 0.31853817310058313
0.0007392746913580235 0.31776714165886744
0.0007396990740740729 0.32444983811006717
0.0007401234567901222 0.3329979616786089
0.0007405478395061716 0.3359999626306554
0.000740972222222221 0.3403427238485064
0.0007413966049382703 0.3428036809703789
0.0007418209876543198 0.34581597985319673
0.0007422453703703691 0.34535069468484103
0.0007426697530864186 0.3471361768559161
0.0007430941358024679 0.33779254860092783
0.0007435185185185173 0.34146633234127105
0.0007439429012345667 0.34135966906209103
0.0007443672839506161 0.3427511156096053
0.0007447916666666654 0.3465990780896487
0.0007452160493827149 0.35258121295600175
0.0007456404320987642 0.3511968233140142
0.0007460648148148136 0.35251190960999157
0.000746489197530863 0.3516918124467109
0.0007469135802469123 0.35098221971985516
0.0007473379629629617 0.351743204753366
0.0007477623456790111 0.3541442149786747
0.0007481867283950605 0.35288556681506483
0.0007486111111111098 0.3532742716539145
0.0007490354938271593 0.3538303074542441
0.0007494598765432086 0.34967410521415687
0.000749884259259258 0.34619009021878056
0.0007503086419753074 0.3425191354365449
0.0007507330246913568 0.3466332920721731
0.0007511574074074062 0.345787291576893
0.0007515817901234556 0.3459159637201848
0.0007520061728395049 0.35035749137639216
0.0007524305555555544 0.35063476791203096
0.0007528549382716037 0.35065434315606553
0.000753279320987653 0.34369291093877824
0.0007537037037037025 0.3356165198444797
0.0007541280864197518 0.3286907324435316
0.0007545524691358012 0.33631428302865424
0.0007549768518518506 0.3407896592515073
0.0007554012345679 0.34130942012659404
0.0007558256172839493 0.3472900921243404
0.0007562499999999988 0.34752536436864173
0.0007566743827160481 0.3456626338722659
0.0007570987654320975 0.34036823438339564
0.0007575231481481469 0.34305566903453055
0.0007579475308641963 0.34892061116694445
0.0007583719135802456 0.34855290393825455
0.0007587962962962951 0.3477865728347781
0.0007592206790123444 0.3496990057949997
0.0007596450617283939 0.34966850429638846
0.0007600694444444432 0.34935761516826225
0.0007604938271604926 0.3468581388607987
0.000760918209876542 0.3429392333616466
0.0007613425925925913 0.34300317377042766
0.0007617669753086407 0.34903508754037205
0.0007621913580246901 0.3546278139085167
0.0007626157407407395 0.35445110748226655
0.0007630401234567888 0.35378096785902463
0.0007634645061728383 0.35376699259738636
0.0007638888888888876 0.35006966386184885
0.000764313271604937 0.3483406793260849
0.0007647376543209864 0.3493489602203242
0.0007651620370370358 0.3528780524665258
0.0007655864197530851 0.35641066186833464
0.0007660108024691346 0.35568567395005896
0.0007664351851851839 0.3548314442739399
0.0007668595679012334 0.3535907047443343
0.0007672839506172827 0.3517980883272353
0.000767708333333332 0.3391943153817604
0.0007681327160493815 0.3403730756054757
0.0007685570987654308 0.3418495821762985
0.0007689814814814802 0.34062779120002734
0.0007694058641975296 0.3438123099881228
0.000769830246913579 0.3491175535984485
0.0007702546296296283 0.35697793233216174
0.0007706790123456778 0.3577131149372371
0.0007711033950617271 0.3553105428966563
0.0007715277777777765 0.3534304054957185
0.0007719521604938259 0.3451361373612351
0.0007723765432098753 0.3459548998242754
0.0007728009259259246 0.353199613365267
0.0007732253086419741 0.35322246974039617
0.0007736496913580234 0.3438746561724407
0.0007740740740740728 0.33939273002528
0.0007744984567901222 0.34075997574204475
0.0007749228395061715 0.33332322230552724
0.000775347222222221 0.3396483280561794
0.0007757716049382703 0.346259467303225
0.0007761959876543197 0.3491134604955288
0.0007766203703703691 0.35365388791991503
0.0007770447530864185 0.35527135310539737
0.0007774691358024678 0.35287240132276376
0.0007778935185185173 0.3520127437497198
0.0007783179012345666 0.3427881703219678
0.000778742283950616 0.3469758201269326
0.0007791666666666654 0.3469255901752414
0.0007795910493827148 0.32848620436079395
0.0007800154320987641 0.3364541375422083
0.0007804398148148136 0.3428762020171895
0.0007808641975308629 0.3266821066477931
0.0007812885802469123 0.31544427109008555
0.0007817129629629617 0.3364632658661334
0.000782137345679011 0.35416728428267286
0.0007825617283950604 0.3553400110510038
0.0007829861111111098 0.3555423147649336
0.0007834104938271592 0.34894832621878247
0.0007838348765432086 0.35087087241992687
0.000784259259259258 0.35363534319404827
0.0007846836419753073 0.35823326657378657
0.0007851080246913568 0.35462367972469655
0.0007855324074074061 0.32672088195289933
0.0007859567901234555 0.31841423420077647
0.0007863811728395049 0.33956503829831836
0.0007868055555555543 0.3439974412011777
0.0007872299382716036 0.3527571270906904
0.0007876543209876531 0.35549343080813006
0.0007880787037037024 0.34524188103028436
0.0007885030864197517 0.3176548942693461
0.0007889274691358012 0.3284427102598343
0.0007893518518518505 0.3523619303887143
0.0007897762345678999 0.3541851147915406
0.0007902006172839493 0.3526552207129075
0.0007906249999999987 0.3540109721467642
0.000791049382716048 0.3513142584464776
0.0007914737654320975 0.32232258112294027
0.0007918981481481468 0.31604458041633604
0.0007923225308641963 0.33048234755292716
0.0007927469135802456 0.33953301630860966
0.000793171296296295 0.3141075630893345
0.0007935956790123444 0.31934721615924383
0.0007940200617283938 0.34244184216736734
0.0007944444444444431 0.3505806020357618
0.0007948688271604926 0.357085034948525
0.0007952932098765419 0.35918366436890453
0.0007957175925925912 0.35737901955453655
0.0007961419753086407 0.34562952050092444
0.00079656635802469 0.3156657280327267
0.0007969907407407394 0.31390098535539784
0.0007974151234567888 0.3225506534333582
0.0007978395061728382 0.31829374027354257
0.0007982638888888875 0.32451614625484254
0.000798688271604937 0.3374517566432266
0.0007991126543209863 0.30840331783946373
0.0007995370370370358 0.2901791735746206
0.0007999614197530851 0.3350080989250222
0.0008003858024691345 0.34036726568377523
0.0008008101851851839 0.3386707537820399
0.0008012345679012333 0.3340166417971479
0.0008016589506172826 0.3215970983672755
0.0008020833333333321 0.3232385008480662
0.0008025077160493814 0.3165707559174559
0.0008029320987654307 0.3038666223689808
0.0008033564814814802 0.31629812050181344
0.0008037808641975295 0.34449756021105976
0.0008042052469135789 0.3542670561044451
0.0008046296296296283 0.3609206862452504
0.0008050540123456777 0.35891149796066324
0.000805478395061727 0.3242121586445573
0.0008059027777777765 0.30630793446379867
0.0008063271604938258 0.34470484439621374
0.0008067515432098752 0.3567896063418241
0.0008071759259259246 0.3565185774379596
0.000807600308641974 0.351618597515936
0.0008080246913580234 0.333263087090651
0.0008084490740740728 0.3184902094115289
0.0008088734567901221 0.3297694464280713
0.0008092978395061716 0.3207093962613233
0.0008097222222222209 0.3419915916992701
0.0008101466049382702 0.3339597210659864
0.0008105709876543197 0.3251548090212641
0.000810995370370369 0.34619157831343417
0.0008114197530864184 0.3236743533029429
0.0008118441358024678 0.2783752656582733
0.0008122685185185172 0.2940499052006394
0.0008126929012345665 0.3307597405566672
0.000813117283950616 0.3508373707275353
0.0008135416666666653 0.3453322907455385
0.0008139660493827147 0.32431714299076275
0.0008143904320987641 0.30168252038198073
0.0008148148148148135 0.32741460124535776
0.0008152391975308628 0.3400115294288129
0.0008156635802469123 0.3404085529019749
0.0008160879629629616 0.3383701917926756
0.0008165123456790111 0.3338920034151049
0.0008169367283950604 0.32514076492741706
0.0008173611111111097 0.3022604489796056
0.0008177854938271592 0.3021948123884652
0.0008182098765432085 0.33285235421512493
0.0008186342592592579 0.35364999203772884
0.0008190586419753073 0.3403898483528467
0.0008194830246913567 0.30543523335828454
0.000819907407407406 0.315120961455156
0.0008203317901234555 0.34566089409219936
0.0008207561728395048 0.3588251410209824
0.0008211805555555542 0.3584653913426414
0.0008216049382716036 0.34004712391737024
0.000822029320987653 0.3132890018778766
0.0008224537037037023 0.3118368152228055
0.0008228780864197518 0.33559626697075196
0.0008233024691358011 0.34578270301559605
0.0008237268518518504 0.34051554291618785
0.0008241512345678999 0.3433183125819154
0.0008245756172839492 0.3434855308531372
0.0008249999999999987 0.31046718328181633
0.000825424382716048 0.30406383617641747
0.0008258487654320974 0.33742306390930205
0.0008262731481481468 0.34280399575154197
0.0008266975308641962 0.32460126056932637
0.0008271219135802455 0.3264160452727747
0.000827546296296295 0.2876488857749657
0.0008279706790123443 0.27474849688114616
0.0008283950617283937 0.2780744887992571
0.0008288194444444431 0.27498672682003517
0.0008292438271604925 0.2751323738341142
0.0008296682098765418 0.28479562432865285
0.0008300925925925913 0.3194403272999897
0.0008305169753086406 0.32452831701705676
0.0008309413580246899 0.29774767671472846
0.0008313657407407394 0.2968460099369811
0.0008317901234567887 0.33142489847928275
0.0008322145061728381 0.31287096604228626
0.0008326388888888875 0.2862206191199939
0.0008330632716049369 0.2734444972301178
0.0008334876543209863 0.24256885223405092
0.0008339120370370357 0.28000246950301805
0.000834336419753085 0.26746738389205665
0.0008347608024691345 0.2513238698467055
0.0008351851851851838 0.27725820290521747
0.0008356095679012332 0.22918114535977221
0.0008360339506172826 0.2727219492900922
0.000836458333333332 0.31571528075012656
0.0008368827160493813 0.3176661816587206
0.0008373070987654308 0.3320258567225296
0.0008377314814814801 0.28431956287357013
0.0008381558641975294 0.22997705825117803
0.0008385802469135789 0.250242782598106
0.0008390046296296282 0.3008504924343249
0.0008394290123456776 0.34273251402098603
0.000839853395061727 0.32527193249530123
0.0008402777777777764 0.28256342892621905
0.0008407021604938258 0.30566801126734405
0.0008411265432098752 0.3404932242372397
0.0008415509259259245 0.335090321443328
0.000841975308641974 0.303192022487123
0.0008423996913580233 0.22305530608130236
0.0008428240740740727 0.2655806737272702
0.0008432484567901221 0.3379396281101488
0.0008436728395061715 0.34382647830143026
0.0008440972222222208 0.31763305691219323
0.0008445216049382703 0.27663192124288727
0.0008449459876543196 0.2690750470590731
0.0008453703703703689 0.24861804730511594
0.0008457947530864184 0.28536934752412646
0.0008462191358024677 0.2632658067222933
0.0008466435185185171 0.29106257105286193
0.0008470679012345665 0.3405576367305355
0.0008474922839506159 0.3200239835577262
0.0008479166666666652 0.290103529462762
0.0008483410493827147 0.3083096002505679
0.000848765432098764 0.274538798068809
0.0008491898148148135 0.30448119214809977
0.0008496141975308628 0.34131345478326675
0.0008500385802469122 0.32371642013431984
0.0008504629629629616 0.24327707249124897
0.000850887345679011 0.2100312362932925
0.0008513117283950603 0.24111798626468933
0.0008517361111111098 0.31680198297536377
0.0008521604938271591 0.33807321575826105
0.0008525848765432084 0.30060721583274924
0.0008530092592592579 0.26262358409439013
0.0008534336419753072 0.26469966458174726
0.0008538580246913566 0.312164433705053
0.000854282407407406 0.3293373905808484
0.0008547067901234554 0.33323676756280046
0.0008551311728395047 0.31176523581519916
0.0008555555555555542 0.281366847805603
0.0008559799382716035 0.30880627421238177
0.0008564043209876529 0.3049904951558938
0.0008568287037037023 0.322869213854334
0.0008572530864197517 0.3110931553054938
0.0008576774691358011 0.22633018739365002
0.0008581018518518505 0.17519469081495
0.0008585262345678998 0.1875524232370627
0.0008589506172839493 0.18039276625040623
0.0008593749999999986 0.2110591198980076
0.0008597993827160479 0.2849323727135749
0.0008602237654320974 0.32639860130255727
0.0008606481481481467 0.2744589979715187
0.0008610725308641961 0.22613587303644161
0.0008614969135802455 0.25089272931655077
0.0008619212962962949 0.27393639842519263
0.0008623456790123442 0.2683728256655634
0.0008627700617283937 0.18936846843113206
0.000863194444444443 0.22053756746618858
0.0008636188271604924 0.29456528780497576
0.0008640432098765418 0.28441249597626334
0.0008644675925925912 0.2537427485276926
0.0008648919753086405 0.15913733369525312
0.00086531635802469 0.07894037144796086
0.0008657407407407393 0.11043658644643861
0.0008661651234567887 0.13161650842028355
0.0008665895061728381 0.1067202069465242
0.0008670138888888874 0.16101760387266
0.0008674382716049369 0.16133961095379987
0.0008678626543209862 0.20908104401315095
0.0008682870370370356 0.24720119032907564
0.000868711419753085 0.2777292281216717
0.0008691358024691344 0.22670111348052785
