3.157694449080555854e-02
6.876894553076086380e-02
9.212187251162626267e-02
3.963348400010103384e-02
2.019557209645848547e-02
1.940219436413117421e-02
1.940147378221577720e-02
1.946664949774288417e-02
1.896205586437591309e-02
1.840473192209623673e-02
1.988422383057746393e-02
1.957531193925724985e-02
1.895275376907560108e-02
1.902799634925550834e-02
2.007015388994462871e-02
2.022368915265305642e-02
2.064836500771049729e-02
2.412828349606204598e-02
3.618587889254294004e-02
3.420002755551983936e-02
2.254440151635974179e-02
2.074764307257684001e-02
2.479198319998546229e-02
4.616106566347242396e-02
5.297109379547305236e-02
2.832508246851630010e-02
2.123510317348701465e-02
2.130637729061141128e-02
2.083822034715660312e-02
2.024895478325112672e-02
2.035815415848199125e-02
2.072566035487618044e-02
1.954302544157922664e-02
1.859446158068874672e-02
1.902694665879966704e-02
2.012880434743587188e-02
2.086331313202765061e-02
1.790196894407975262e-02
1.915359295243079102e-02
2.054559394950205772e-02
2.029923036962578975e-02
1.983593697208294038e-02
2.204614559884831085e-02
2.590064775934352442e-02
2.434087776150547708e-02
2.140928823085151006e-02
2.057208694038962365e-02
2.570307302628361407e-02
3.318878746482656350e-02
2.508999258243491126e-02
1.996032179461483536e-02
2.093161925111928709e-02
2.185898458886780318e-02
2.175087294010341621e-02
2.074967268510165275e-02
1.943501975648549013e-02
2.067570149181463188e-02
2.173902971384359534e-02
2.160790802099863891e-02
2.087654724257674566e-02
1.946613662803515360e-02
1.978862549192498752e-02
2.008199060128298269e-02
1.883129290257801527e-02
2.018257365761495087e-02
2.174452895061286181e-02
2.179525702115693575e-02
2.176818121719864899e-02
2.203279895395368615e-02
2.193828518232385227e-02
2.164785487420854346e-02
1.991530435542096522e-02
1.885247881978703577e-02
2.131967124998727231e-02
2.428524903487968081e-02
2.454303694656878934e-02
2.275189451755326581e-02
2.209279179141947561e-02
2.179202050369748525e-02
2.140437095279533464e-02
1.979681131410526707e-02
1.965605447756724536e-02
2.113869788008714001e-02
2.199870002131024127e-02
2.180626219236637270e-02
2.124686257398345282e-02
2.196033342110264436e-02
2.268854982068344017e-02
2.250945328747240917e-02
2.203042855026733984e-02
2.146313561393467517e-02
2.221317948455136734e-02
2.294263229799982720e-02
2.308529495030519837e-02
2.289168235560795281e-02
2.256322968634199774e-02
2.266474913686980855e-02
2.289124125246470853e-02
2.259931319212114820e-02
2.235202979237127519e-02
2.252039355796261327e-02
2.293924829589047421e-02
2.321326530038108488e-02
2.350586092882714015e-02
2.352532452739035732e-02
2.315291387410762375e-02
2.293565685140677365e-02
2.291407112110501604e-02
2.276195035175511069e-02
2.269053920943595731e-02
2.062780209197972309e-02
2.297572884341162261e-02
2.272625566840727473e-02
2.245218852997699424e-02
2.288911265661629571e-02
2.285690367419328933e-02
2.291923954741186334e-02
2.330978876039521697e-02
2.345121302879613415e-02
2.302967692367202321e-02
2.265896487670203061e-02
2.319543407078563865e-02
2.363657839738134495e-02
2.365189141626778541e-02
2.349392093466329962e-02
2.317833307591461028e-02
2.304706491560545509e-02
2.248558766777604412e-02
2.120545967771400586e-02
2.198053760617924013e-02
2.266502250566138077e-02
2.192113900986590938e-02
2.206199664453291701e-02
2.247704337532714647e-02
2.228117534894637902e-02
2.133868019777651268e-02
2.078359668988406100e-02
2.054725940545001558e-02
2.034990592079760283e-02
2.961097233424509964e-02
8.522304294318616691e-02
1.355459092134293497e-01
9.603546824166771245e-02
1.545904528653254673e-01
1.973963252179362360e-01
6.747832159291851373e-02
2.714918560962050961e-02
5.961424558280603581e-02
1.613419206474219214e-01
1.329472668754353437e-01
3.692166416064843193e-02
2.115280482562737624e-02
1.970268080499386690e-02
1.756037531299795354e-02
3.815989995110152799e-02
6.216440157465904365e-02
3.320657542715160088e-02
1.317155558769865509e-02
1.056976463688227494e-02
1.713612083508154679e-02
2.201144479016566013e-02
2.004188822165549680e-02
1.432307503430662633e-02
1.379002337362991541e-02
1.307809662341316917e-02
1.724262116827900496e-02
2.076612793102523141e-02
1.817358770162469730e-02
1.641029663865005775e-02
1.538248941020652245e-02
2.418900966604902239e-02
1.490340472076690514e-01
4.044638612055875826e-01
2.518316317473464072e-01
4.388050202358498297e-02
2.820141741331099253e-02
3.671235356475437139e-02
4.024479733140445131e-02
3.087647557178498439e-02
2.401784191600942961e-02
2.386034791947017411e-02
2.684786739989867763e-02
2.908404517790872529e-02
3.505730855048128786e-02
7.158880725393930444e-02
5.315910261297437933e-02
2.590544722603244782e-02
2.088061174494587960e-02
1.889284373929804584e-02
2.134199094460885807e-02
2.487584684665406290e-02
4.680817587975425603e-02
1.071735126246192299e-01
8.831302878807047174e-02
4.017523337096874647e-02
1.929402572269705782e-02
1.340015842406346372e-02
1.731350739579957596e-02
2.239870244522870410e-02
2.617301022051569254e-02
7.416066676228152965e-02
2.215389281698239010e-01
1.559206368756794747e-01
3.458757608178586462e-02
2.422208930406360289e-02
2.851652368050607358e-02
2.451085963195170220e-02
2.202879545444869427e-02
2.352529330847300676e-02
7.738800747333277052e-02
1.302427994041335246e-01
5.517329752130355897e-02
2.298797958080179768e-02
2.223483711713753613e-02
2.066877779414457231e-02
2.023069435165403274e-02
2.731580475900266189e-02
1.114385059911342790e-01
3.246824273258569482e-01
2.083214644419280337e-01
3.640233260741853466e-02
1.888639891323116299e-02
2.321370133071849751e-02
2.416210805273425258e-02
2.465044093568915726e-02
2.167969251429996413e-02
1.684629866406884072e-02
1.770081217419761446e-02
2.027893128836795802e-02
5.644504782611031724e-02
1.176499303506060717e-01
6.567571807300438824e-02
2.747262413414717011e-02
2.480982763611915692e-02
2.430531360394443813e-02
2.380564439785195704e-02
3.991740363905526418e-02
1.308457966963088026e-01
1.364718354602239281e-01
4.162015699610867314e-02
2.177666434321390634e-02
2.143962556376235312e-02
2.147580583825952835e-02
2.381783287964477774e-02
2.386690068749455079e-02
2.197413653876528414e-02
2.288349143116973419e-02
2.308115589672857584e-02
2.019650932644227390e-02
1.840258889188011240e-02
2.229752687359456975e-02
3.141203234626385732e-02
7.274679569861071393e-02
7.983975561395918741e-02
3.271279773844874145e-02
2.176504625957263392e-02
2.222939662043058387e-02
2.420535409315291084e-02
4.149223338600497440e-02
1.269237450958376479e-01
1.231336777871259586e-01
4.112994687852326164e-02
2.586816458844419173e-02
2.621812384451297634e-02
2.483225227731776161e-02
2.092767297456180758e-02
2.121650942324890959e-02
2.511299162249401584e-02
2.439591715807359548e-02
2.010499791089531002e-02
1.877458635705413562e-02
2.127208994354706437e-02
2.350310157096571761e-02
2.343524058314828962e-02
2.401076037480698311e-02
2.568261206126173923e-02
2.608233529372104564e-02
4.202281188618108010e-02
5.643938713756924130e-02
3.557555925458420060e-02
2.690706537543829935e-02
2.523648599535071105e-02
2.902150208635033771e-02
5.564428779041936252e-02
7.253250215861538341e-02
3.914611657112020138e-02
2.489189311028231627e-02
2.552244706693957213e-02
2.745504136503998383e-02
2.783121595186412167e-02
2.548206456287502655e-02
2.213135478503656939e-02
2.387086412018369144e-02
2.564374143021713390e-02
2.465502065032568885e-02
2.286349383093256443e-02
2.548058601207321347e-02
2.788398902906927615e-02
2.929361871770805661e-02
2.986506391098656121e-02
3.169542404013899611e-02
3.677104818438160783e-02
3.240860503352431532e-02
2.901391048713643228e-02
3.481559845407045800e-02
6.932677931031955287e-02
7.074163776253732105e-02
4.394895692856699149e-02
4.956638859967134325e-02
4.004653639221929240e-02
5.149955039541387336e-02
1.231878972892818391e-01
1.368958280721352117e-01
5.483167036106575271e-02
3.924764377407194416e-02
7.492867802435292102e-02
7.021429872955399498e-02
3.693525666405382546e-02
6.910314644368034664e-02
2.313294913483951998e-01
2.142589785389568124e-01
5.934913372034031354e-02
3.017115026304387909e-02
3.171923808929982130e-02
6.714607341976919219e-02
1.309603311375249213e-01
7.816674502996341645e-02
5.362765067765297433e-02
2.204489026784961780e-01
3.097394357094206963e-01
1.337191773055521893e-01
3.418138686795977460e-02
2.904587375323511647e-02
2.916711295750977137e-02
2.923631161736419889e-02
3.275604896336101884e-02
6.534371527812883607e-02
1.368926763541561120e-01
9.041500659951652585e-02
3.530379317201361167e-02
3.389454239458455920e-02
3.654763173651714298e-02
3.007527737949610216e-02
2.862524803231204090e-02
2.857280439203804812e-02
2.806969798950493047e-02
2.758122674575046174e-02
2.861634702335770844e-02
2.829650088919305820e-02
2.826247980802065393e-02
2.950812298143934073e-02
3.017731299885227300e-02
3.039979953242228500e-02
2.993002370371571075e-02
2.963205779935604647e-02
2.963586897907254450e-02
2.929813921775565808e-02
2.871020730549553659e-02
2.989816783287062643e-02
5.266668194884639720e-02
2.869912816368404007e-01
7.780598665804469016e-01
5.057648456780337032e-01
1.101202547660243558e-01
1.460798820263311537e-01
3.061262742147886629e-01
1.820188327011899865e-01
4.565371641391113150e-02
3.643800640875907021e-02
5.013427133435281041e-02
9.686386218240808366e-02
1.249537017287430940e-01
5.802666407816671479e-02
3.412085076777877229e-02
3.229108754170632867e-02
3.182780811753681272e-02
3.427043618201421754e-02
4.152223508261757706e-02
5.766159606804070747e-02
4.560386340345763678e-02
3.246915865712275001e-02
3.147057666044541374e-02
3.160745642426034813e-02
3.162565785346414804e-02
3.158720743923449509e-02
3.375522967093689403e-02
7.531566011779877723e-02
2.161968524342947895e-01
1.758785579931354814e-01
5.215644924716360958e-02
3.238433008284199999e-02
3.193756512582070911e-02
3.200988875625552371e-02
3.207701351259288625e-02
3.210421935941750599e-02
3.220355868787366793e-02
4.730072932138854741e-02
2.778931374221787487e-01
7.263347405166545867e-01
3.923257323416107778e-01
6.559993537008772246e-02
3.275360351219200328e-02
2.944675079261257003e-02
3.246268616222073439e-02
3.265859034113106907e-02
3.271391463907672575e-02
3.384311022336155411e-02
7.296813855986034048e-02
2.465039566087641187e-01
2.378157508116168495e-01
6.827798866805577516e-02
3.370537171573758511e-02
3.281693063165992685e-02
3.276379336049243390e-02
3.274500694471697837e-02
3.561423050315511846e-02
1.319738189794395500e-01
6.124027213186775676e-01
6.521639862319034142e-01
1.546486763926335495e-01
3.703170223308529380e-02
3.298996690218310157e-02
3.295540839944818834e-02
3.286976395763829828e-02
3.299332148201020165e-02
3.311845628646966494e-02
3.317449521671193141e-02
3.342822608210934549e-02
4.781474712186713216e-02
1.850970688372514661e-01
3.673272139193444197e-01
4.828856901588672312e-01
6.331622337675617551e-01
3.306219119766046211e-01
8.892770125605695131e-02
8.700489354203135017e-02
3.619091003319113153e-01
4.446642561481634059e-01
3.362552321386177989e-01
5.347749450395173909e-01
2.558410321663316389e-01
5.197683591826208344e-02
4.182976415466428677e-02
1.035051824968780676e-01
1.427763071680317186e-01
6.608599796793844516e-02
3.959450135421753447e-02
3.722115481120784330e-02
3.439967355070209371e-02
3.391551817604775837e-02
3.390504382961014029e-02
3.397299527560522503e-02
3.395925827363489163e-02
3.398869998029347556e-02
3.499216641261106153e-02
5.781261446658392256e-02
1.325084442298763987e-01
1.093022132440663041e-01
4.494322049276851944e-02
3.497017900094583076e-02
6.066832561888728381e-02
3.679350759682670780e-01
1.012706822688849595e+00
6.852204584655349207e-01
1.339665981053098920e-01
4.822978024203328912e-02
7.446033032200329027e-02
2.035354186226088768e-01
3.490362605050814082e-01
1.490803019467183688e-01
4.183810256115390314e-02
3.470985412165555895e-02
3.603162086686340776e-02
4.344739495290576153e-02
4.681085290755993694e-02
6.822156146769767227e-02
1.544162587462733494e-01
1.081407952806703182e-01
4.266942211513963246e-02
3.473535153359003091e-02
3.458116509788950604e-02
3.515977217125033222e-02
5.053547482819899239e-02
1.443396678684592815e-01
2.343071012186292712e-01
1.177561902871680638e-01
6.055710501112300526e-02
8.783145136165423916e-02
1.103301611501319862e-01
1.087695116450248245e-01
5.319628109230085944e-02
3.597822647188762130e-02
5.879973530244718416e-02
3.120258624406641035e-01
6.006803974808992974e-01
2.471512829326762695e-01
4.919720640330487588e-02
3.666652088060416009e-02
3.626096484119835373e-02
3.748052646474313299e-02
4.681683027930185620e-02
4.660282858607665835e-02
6.811521331337978824e-02
2.188150128028394370e-01
2.302644687966396153e-01
7.284860508879750784e-02
3.639366636281918255e-02
3.518950828594408914e-02
3.520660069948807619e-02
3.520467539422387354e-02
3.615941881101045197e-02
8.129714773245023951e-02
4.404741029097887228e-01
7.050084926574383681e-01
2.423635173584114122e-01
4.893628509030944346e-02
5.204203688521700372e-02
5.900110956684379709e-02
4.231437967429739488e-02
3.585305952430592469e-02
3.637636459977512671e-02
4.336538714324678079e-02
5.150383071115252620e-02
6.031280637061497280e-02
9.302809875989612176e-02
1.691335659392733115e-01
2.753295311566702486e-01
1.582462822791894930e-01
1.846908069957065579e-01
1.759449998559850237e-01
8.827961860364406943e-02
1.225784700864849253e-01
8.798358482373849765e-02
1.654966179650785851e-01
7.972921651004800658e-01
9.069679829568491058e-01
2.246287281669627767e-01
5.971116993168392589e-02
1.748440595071776293e-01
2.442329799460001005e-01
9.483052499826750970e-02
1.238146447470024197e-01
6.798543769440019702e-01
9.099440430147966996e-01
2.532598905712490911e-01
4.545935189771855428e-02
3.840617170813383913e-02
6.931009069862650862e-02
2.836825473675365084e-01
3.812411669194548103e-01
1.900470223433028960e-01
3.489869959753590378e-01
1.122950209674918876e+00
9.968766615899093964e-01
2.020735202355055105e-01
4.107091387249358488e-02
3.627268640263530547e-02
4.254043115925164320e-02
1.409929577662245304e-01
3.590145144976654712e-01
3.064542412555649742e-01
4.349124002793833266e-01
3.501585235149755060e-01
8.319555132404574116e-02
3.736227693846016357e-02
3.629906187930453249e-02
3.638991198231759927e-02
3.641874000501710285e-02
3.643638465626055506e-02
3.645181143027872994e-02
3.646458893768297904e-02
3.648637283038061452e-02
3.649867227404705872e-02
3.651960060774905176e-02
3.655160929908445044e-02
3.668788786434790117e-02
3.701517405980535302e-02
3.699223862590421408e-02
4.204140364791383172e-02
8.396746042768636620e-02
1.115711403505137145e-01
5.850621390213213424e-02
3.783036423333673015e-02
3.689284315770773731e-02
5.092587101836130309e-02
3.690513967088587255e-01
2.214883242982201406e+00
3.454161398765267066e+00
1.134356964627523334e+00
2.050490479928601117e-01
5.187605825062122644e-01
1.175012623394576572e+00
6.198953931146183871e-01
9.090846001400076926e-02
4.711657415042404956e-02
7.905072303070974360e-02
1.635345188720056242e-01
3.941600738464645093e-01
2.665824826128307401e-01
6.369383367384323646e-02
3.755903411564347205e-02
3.724395417696540339e-02
4.062087998184604754e-02
5.128468648307388938e-02
6.949406033059565835e-02
1.341108447444460672e-01
1.091419162973059354e-01
4.693675289483990876e-02
3.743787789115495673e-02
3.795134067725878385e-02
4.878486258809675014e-02
7.016144492681029854e-02
5.997455175976841579e-02
1.699857204919810738e-01
6.571225101792447232e-01
5.952104328557773494e-01
1.523133318908278522e-01
9.508320274147320783e-02
8.727244536106106010e-02
4.718067173736820163e-02
3.780580233235057014e-02
3.746535875215879080e-02
3.407397642198151111e-02
3.782300480902878875e-02
8.363414618867852368e-02
8.277949984213452961e-01
2.391983983218849197e+00
1.328944716452592933e+00
1.677607088039178296e-01
4.058815125052685907e-02
3.768064127299244892e-02
3.765478120725902073e-02
3.767352768713665839e-02
3.769197425613532437e-02
3.825981124976154946e-02
7.819932063521160825e-02
4.914527574302883783e-01
9.359807164249892564e-01
3.639226066322487907e-01
5.857058592290800142e-02
3.821082968928558171e-02
3.831881590014332012e-02
3.863066803906734653e-02
3.818187717904664158e-02
4.150392042846624829e-02
1.959462967703773928e-01
1.490940142959032766e+00
2.537380810651425733e+00
8.402664189107670323e-01
8.355882612013491861e-02
4.240737463832060239e-02
5.512843349772048041e-02
5.403248742453473086e-02
4.139068926673735577e-02
3.822177501365330715e-02
3.810823986151477133e-02
3.814514105683276118e-02
3.818934379005600038e-02
3.826033613619192475e-02
4.241063905196554296e-02
1.601835324829375407e-01
6.413385548002910053e-01
5.798007978079272595e-01
1.261010367401812493e-01
4.063799200461391814e-02
3.828743805842654835e-02
3.830569951641783766e-02
4.006215916423380013e-02
1.400347863374003521e-01
1.003980015902500522e+00
1.714999713507473267e+00
5.863502328624747850e-01
7.045467140128300332e-02
3.866755232700256478e-02
3.845260207873294617e-02
3.847354627781146563e-02
3.849579632179133543e-02
3.851522096872147388e-02
3.851907633050900143e-02
3.852173065136644398e-02
3.853432349941585122e-02
3.858267505990677082e-02
3.926394768987096634e-02
4.149374454398330192e-02
4.096647176402583995e-02
3.905055266368027272e-02
4.771919517037548353e-02
1.810092828623751648e-01
4.296739589172460794e-01
2.383134447438371439e-01
5.766189515330047421e-02
3.901043861484764647e-02
3.878143874547308051e-02
5.300058648012371393e-02
2.895406944326690546e-01
7.613400002416147450e-01
5.943303441290637146e-01
1.146949563018077739e-01
4.055254417831503921e-02
3.876873507777383460e-02
3.878110071248811602e-02
3.879351474294051583e-02
3.880597031610329151e-02
3.881804857304380768e-02
3.883001007354416889e-02
3.884261548654886764e-02
3.885486464653671590e-02
3.886691700959819112e-02
3.887865882314002486e-02
3.889032444253014836e-02
3.890258053458276605e-02
3.891461981677123844e-02
3.892685663359482517e-02
3.893874403281973040e-02
3.901029627571481889e-02
4.423565726620914962e-02
1.072184033349016657e-01
1.967136491584033642e-01
1.069943849380754625e-01
4.425961573836784818e-02
3.919200472256266499e-02
4.835169857959622369e-02
1.600726947917048282e-01
3.414601624349337672e-01
1.922716556473233751e-01
5.474279043092987462e-02
3.948355364508391446e-02
3.912813662621242999e-02
3.941186699596613968e-02
4.013199903369462501e-02
4.006984194266396265e-02
3.938157664758083071e-02
3.917278153460777151e-02
3.916792110075308087e-02
3.917879740815623235e-02
3.919517617519420460e-02
3.920791901314016337e-02
3.921821905029335836e-02
3.921766196326367804e-02
3.921502188205403666e-02
3.923374226851253366e-02
3.924381557653197627e-02
3.926192447982631423e-02
3.927247985391993379e-02
3.927708825607902771e-02
3.930889034231063728e-02
4.078401311388051703e-02
5.910229639964483667e-02
8.746370031160181913e-02
6.155335846416029599e-02
4.120103808870332479e-02
4.075954396007352293e-02
6.335008329013798456e-02
1.198509506641382699e-01
9.622179735656635757e-02
4.767197637845776992e-02
3.963712344353919476e-02
3.942826421628538303e-02
3.944270470989989091e-02
3.945359970865080362e-02
3.944419424741649194e-02
3.946610838285181250e-02
3.946038991814622421e-02
3.941994306367940792e-02
3.942717070882646030e-02
3.954072267014056841e-02
4.265327503911482687e-02
6.218698129958434573e-02
8.031863378755887961e-02
1.390148748024326031e-01
1.493262578382562322e-01
1.097317756902480984e-01
1.135496329132255622e-01
2.741090210401537219e-01
3.839115868527503417e-01
1.542395609333442330e-01
1.734833740148157277e-01
2.033741875073117877e-01
1.146019548269629762e-01
4.857060369993913551e-01
9.826857654433257538e-01
4.163718439933173365e-01
7.757340859857096704e-02
1.351123056057341454e-01
4.313262449446638724e-01
3.458817632617164350e-01
1.335924665812740497e-01
6.418173656191685783e-01
1.806345126584484984e+00
1.007069203498805576e+00
1.343193362403820035e-01
4.126879066689705805e-02
4.106687045951890741e-02
9.969248813227860051e-02
5.104180531419492128e-01
7.024784251815880953e-01
2.393184261400004564e-01
6.383975094069334055e-01
2.104837132248114528e+00
1.360807190749719009e+00
1.911481555212064254e-01
4.270276973125794462e-02
3.991361113685281542e-02
3.989030012176542073e-02
3.994398166108951292e-02
4.057313906822212352e-02
7.931873122651808550e-02
4.393428843017535002e-01
7.592827065805132225e-01
2.771826220929811679e-01
5.358598239404913782e-02
4.004923224578532670e-02
3.993835927002186564e-02
4.000989477972291541e-02
4.007405444211775691e-02
4.013496515778792323e-02
4.077305649187145525e-02
4.204162814806289977e-02
4.118647047894897356e-02
4.015134008348830025e-02
4.068561928199299071e-02
4.276462709082554797e-02
4.198591461939882308e-02
4.032844180329026029e-02
4.003018692534050099e-02
3.975752443222468901e-02
3.977937578669171748e-02
4.003300407518491089e-02
4.004480923258703362e-02
4.015997368787916494e-02
4.022697659944226428e-02
4.075084310542711336e-02
8.016072095812301623e-02
7.597419468834998302e-01
4.045561283123132235e+00
5.584752942023962774e+00
1.599001806101760348e+00
2.426662729971684196e-01
5.170631110676160436e-01
1.761147044044934162e+00
1.699051924645356149e+00
3.291656914400836187e-01
5.487720869924384015e-02
6.280748621480732041e-02
1.167620835530740198e-01
2.210535492972009741e-01
6.593720069004860296e-01
5.325766054522858006e-01
1.100355966715557410e-01
4.142509035262563477e-02
4.029226143367274637e-02
4.108719884014875451e-02
5.210958420799490648e-02
6.869845083582493128e-02
9.822702640425602649e-02
2.294101421011906505e-01
1.775867619087088123e-01
5.844568496960174386e-02
4.086800899806454501e-02
4.080873030582547745e-02
4.043757137730812773e-02
4.010869772281660389e-02
6.559778858739674645e-02
4.669033979972032067e-01
1.274714821102305384e+00
7.029621177500492424e-01
1.380271076002216601e-01
7.421682141100882646e-02
4.579028678382128514e-02
4.066390175927982881e-02
4.059755882498374685e-02
4.062884762846798170e-02
4.066361194425881925e-02
4.063794244860745308e-02
4.605990587660090119e-02
3.266600671108794152e-01
2.465343089275397581e+00
3.724547548731463653e+00
1.066861648252648953e+00
9.530261155551517094e-02
5.085757981872555955e-02
4.408499646809845018e-02
4.060615845392544915e-02
4.054690690062701108e-02
4.054978961748839650e-02
4.061543753407853563e-02
8.006809408927101357e-02
6.462535211121063217e-01
1.631315975343064384e+00
8.049206948458779154e-01
1.053395851294709612e-01
4.015418977349029944e-02
3.877403041209886297e-02
3.968501229238233924e-02
4.058841294245091325e-02
4.205512627960749511e-02
4.457176307778558388e-02
2.085548970843341676e-01
2.091198392050372945e+00
4.523988454852832852e+00
1.861111304515869813e+00
1.709334106311397594e-01
4.132065306342582595e-02
4.039073120305026326e-02
4.004545346953471141e-02
3.957241963402044482e-02
3.975631543898459908e-02
4.000198610767907031e-02
3.873039255630267991e-02
3.756969738504465500e-02
3.876533470226102562e-02
4.007022553113904345e-02
4.852053957390456418e-02
2.745120667590313368e-01
1.006456217614898119e+00
1.044697269461060785e+00
2.196097477641510143e-01
4.599876424797291752e-02
3.979449818057032018e-02
3.828555423897927329e-02
3.828093783880997386e-02
4.250566996895829147e-02
2.262355049138074781e-01
1.768007934388359015e+00
2.969843988654465861e+00
9.798745531720158830e-01
9.378285139794213798e-02
4.053905400660663683e-02
4.028267618988162074e-02
3.849598720697219867e-02
3.680071801446165025e-02
3.799675092971072088e-02
3.931598662241451991e-02
3.982634218281828897e-02
4.028450455173406691e-02
3.908686258153352272e-02
3.856370643529138248e-02
3.898270524544017457e-02
3.769034348146361318e-02
3.677858217488196718e-02
3.739954945945070386e-02
4.889627285334400414e-02
2.432487088129287323e-01
7.174588772526973024e-01
4.551869138704041085e-01
8.533119544144693314e-02
3.920025647508879746e-02
3.698953201935472473e-02
3.726292102234172315e-02
6.587825072155417683e-02
5.231774358711515083e-01
1.545477017456600377e+00
9.492810246015167541e-01
1.432712493969740264e-01
4.150329068916354391e-02
3.929838425136163854e-02
3.989223414847768018e-02
3.957915365720669765e-02
3.634632083342582975e-02
3.551801892126468102e-02
3.693238586828685721e-02
3.654944002069145798e-02
3.434800110473811702e-02
3.559911563077280267e-02
3.954395219987264648e-02
3.951135054724851103e-02
3.805920252609097665e-02
3.804827954292420295e-02
3.779348908251316946e-02
3.385558558477422958e-02
2.988112802523375938e-02
3.076694059815598958e-02
3.508383722032589608e-02
9.904101287577175838e-02
3.089586488672600439e-01
2.432163369709873790e-01
6.702641481251865596e-02
3.862755907207142403e-02
3.394528531428921136e-02
3.556822922241521800e-02
1.838145554575177643e-01
5.273011626668420160e-01
3.522953203739268013e-01
7.401364243593730463e-02
2.805786558709817344e-02
1.824697864746300038e-02
1.699656867323373968e-02
2.103164173010751981e-02
2.880611242816223314e-02
2.544656552288220019e-02
2.635624724282474574e-02
3.517238816479166530e-02
3.672312051458041099e-02
3.131378285091274832e-02
2.722594617585960206e-02
3.195263904180725006e-02
2.761571295466703005e-02
2.175873533250609337e-02
2.104922203268616912e-02
2.492549390476633125e-02
3.251828185977398422e-02
2.984320500164821741e-02
2.589160813537291425e-02
2.289955588925882829e-02
2.953342733592865393e-02
3.527161260294373740e-02
3.747203065679152734e-02
5.397493731943627665e-02
9.021349523451797914e-02
5.935057357194464117e-02
2.280744899500645670e-02
1.755075271811827944e-02
1.813381779076704559e-02
3.357176201597896620e-02
5.903089034123560480e-02
4.928041156686333024e-02
3.787299294930980553e-02
2.830839754595471797e-02
1.455172040988626618e-02
1.973059746608559276e-02
3.261779934465017239e-02
3.247514307861601446e-02
3.263523677842752879e-02
3.520380851362784475e-02
3.172127951211117791e-02
2.290122922120912258e-02
1.086871342644947329e-02
1.043345348039593189e-02
2.221099720923095169e-02
2.460008282067073851e-02
2.224611707109566336e-02
2.922753533534914669e-02
3.204244323490798574e-02
3.378658160577429487e-02
3.072202284432649227e-02
2.357780263157609885e-02
2.267120368432396643e-02
1.914084388723555699e-02
2.689306146412520290e-02
3.124239199967119088e-02
3.499147359543718777e-02
7.944875655838359862e-02
1.671541665043504432e-01
2.037190277765641988e-01
1.473086377286428328e-01
1.846672875640446576e-01
4.281007481959381300e-01
3.987224283465039543e-01
1.318201594809159105e-01
2.791953954770691193e-01
3.207703270985428623e-01
2.740414429310323863e-01
1.136703930425963627e+00
1.261235353774000867e+00
2.840931093334989055e-01
5.128902093150679298e-02
1.665616982808978130e-01
5.806277705301661207e-01
4.492066428810188583e-01
1.956434778544781650e-01
1.216575464752014168e+00
2.200864200538682702e+00
1.031025717611568915e+00
9.433172880389588399e-02
2.207119614208529271e-02
2.136638003679833253e-02
1.798073417329784304e-02
1.609301877050841462e-02
9.475288034420291383e-03
1.674038790127403351e-02
3.096163614409458975e-01
1.623359419722646413e+00
1.594703460243437343e+00
3.086308670306650570e-01
2.855791619878423823e-02
2.102444964018816698e-02
3.247074109989540186e-02
3.673587651187589648e-02
3.766405736960589529e-02
3.898077244046993517e-02
5.178108354602665303e-02
1.995382473720822836e-01
3.773522416363492837e-01
1.709218698350407906e-01
4.701292423404198478e-02
2.841544859784199059e-02
2.685494957980840910e-02
4.038550628133587977e-02
4.667840966775809591e-02
4.280951312258498426e-02
3.958077607019402228e-02
3.360529131615844212e-02
2.663935192340768573e-02
3.207064926589842796e-02
3.855966425177986823e-02
3.593176980823131056e-02
2.632327554534719116e-02
2.835484569556961237e-02
3.368490124194437052e-02
2.861623307417776249e-02
3.190401839384389426e-02
3.584136991904387365e-02
3.141478256575754024e-02
3.343357212961273889e-02
3.716097586679571740e-02
3.612085271752286247e-02
3.666491689428309081e-02
3.993236784965333019e-02
1.001332114669788859e-01
1.356506055746171002e+00
6.118864796906881232e+00
5.344338905644367976e+00
8.832965716893151908e-01
2.032387325417260582e-01
4.591149234524705691e-01
1.756714352138267099e+00
2.483499002572846059e+00
6.846106783644483329e-01
6.011836844854395734e-02
3.374937222487735949e-02
7.445164975932426488e-02
1.119421676297783913e-01
2.255043032531195979e-01
7.683359776037794742e-01
5.878613598939987916e-01
1.006750059675814435e-01
2.331950451818668932e-02
2.415134787160416394e-02
3.510151058562253207e-02
4.400536946118849962e-02
6.654625884385807766e-02
7.066505699229480575e-02
9.715728254060594649e-02
2.870391451966543550e-01
2.192899116533605919e-01
6.974151805665437798e-02
2.644420392636996978e-02
1.937170012653017387e-02
2.480697793058724704e-02
3.375359106705935752e-02
6.761350419180761628e-02
2.928174535240277154e-01
4.317185786126443436e-01
1.557329300223323221e-01
4.651170608143456037e-02
7.846637064850470189e-02
1.135658259829579186e-01
5.628316531550189156e-02
3.377095544035275260e-02
2.915547034078967009e-02
2.043194941592680128e-02
3.014823267358883799e-02
3.877560896339835028e-02
6.571034194558011965e-02
8.675316690323509050e-01
4.278267913992514160e+00
3.965744394501928394e+00
6.917555463381116487e-01
5.041608305959537767e-02
3.737713357912987588e-02
4.451133086872570421e-02
5.195914754427335275e-02
4.263587713102379162e-02
3.384557953415079368e-02
2.898357303384124090e-02
3.959920806253109521e-02
1.998665047104656589e-01
8.728957646566772866e-01
8.272190837286432785e-01
1.752713542566051719e-01
4.224762616393185760e-02
3.627689699411090762e-02
3.642446106175483561e-02
3.244204546075937085e-02
3.292553883664674913e-02
3.881379125834611560e-02
3.899821610187368531e-02
6.586916383938096198e-02
9.005247823936124441e-01
4.739149944726602115e+00
4.745375045270678882e+00
9.044303031007093763e-01
6.399161659448333872e-02
3.800291310694656199e-02
3.572437040744882997e-02
3.268547836825624192e-02
3.568528238856873841e-02
3.775272155635244625e-02
3.953013289634411259e-02
3.871382596530260900e-02
3.756777972397275928e-02
3.889200044558697306e-02
4.004388120680472951e-02
3.888539378354086140e-02
1.080499462234246200e-01
8.909890120254541079e-01
1.807470209643715631e+00
7.120552234693070526e-01
8.595749049973887279e-02
4.067240859286877508e-02
3.836883779571608616e-02
3.898192063849585665e-02
4.049200853189304644e-02
4.111671618767933495e-02
8.044992873585231352e-02
9.427126187118209932e-01
3.719909641514868248e+00
2.762430473823748400e+00
5.689818552853652678e-01
5.385169152584200897e-02
3.657486232606198262e-02
3.882648206073861796e-02
4.047448566760443456e-02
3.986018502679754966e-02
3.841184647001891217e-02
3.925203917484978988e-02
3.991094333535172983e-02
4.083670344911517064e-02
4.043169567211359061e-02
3.988787364226981103e-02
4.065710284807833030e-02
3.950455742688650101e-02
3.913187807103347959e-02
4.062781625393847851e-02
4.128247018342794811e-02
6.068919229710119378e-02
3.875401909379093679e-01
1.100303085872929465e+00
6.363030599514587493e-01
1.009682776010396160e-01
4.112861093437920196e-02
3.976634251955550592e-02
4.035164422528340206e-02
4.048585935003332775e-02
9.059005203302164522e-02
8.301721087568216806e-01
2.339629211952582555e+00
1.362980964785676985e+00
1.867936712875639116e-01
4.262948535039159936e-02
3.982039774088525635e-02
4.083818575821129143e-02
4.023051641964877495e-02
4.037006302475045633e-02
4.092376258432180863e-02
3.984675653498851583e-02
3.752229954023554581e-02
3.534368542201626190e-02
3.623013663923346089e-02
3.964408897622785644e-02
4.152244956357301758e-02
4.147468968117707516e-02
4.098257383739924847e-02
3.894653379146528066e-02
3.904227236020949010e-02
4.108761901740859424e-02
4.193512792730794830e-02
4.210519775306808404e-02
4.212061054513943636e-02
5.705445636024681494e-02
2.450451073502172561e-01
5.211493797325191801e-01
2.513182639124725282e-01
5.345984512099714175e-02
3.558628056402902973e-02
3.881717824340143869e-02
4.189678796005103650e-02
1.046714167649525767e-01
5.885869542751015482e-01
9.626980252775796387e-01
3.620546113627971518e-01
6.299547555432349899e-02
3.891634581723365377e-02
3.830309819396385262e-02
4.037050457841759310e-02
4.165079156500927499e-02
4.186723467797785758e-02
4.173873373591157482e-02
4.120677467621546713e-02
4.105239785646593725e-02
3.670818368910749863e-02
3.976477322514954810e-02
3.681116725409559753e-02
3.336520669055257488e-02
3.504507401171798320e-02
3.828804806644035136e-02
4.018709361446878847e-02
4.072039873666879334e-02
4.159151054862979258e-02
4.190521501180045905e-02
4.181746391748535768e-02
4.125707144347848937e-02
4.102044364254377184e-02
4.005193479883552982e-02
3.779491339432738267e-02
3.935522188253369469e-02
5.115434870546709673e-02
1.388267978591501417e-01
1.923277024903054244e-01
8.546794276066745077e-02
4.408173177494643935e-02
4.151037850339905910e-02
4.317668108190338139e-02
8.483519397759353708e-02
2.677463193257880736e-01
3.005832502041516086e-01
1.066365193397103700e-01
4.466240343136346214e-02
4.024164864138474879e-02
3.704378538706819268e-02
3.815628170790490853e-02
3.817817052471945971e-02
3.687691747105673740e-02
3.829445287510638979e-02
4.076151554998194010e-02
4.129986381307602233e-02
3.982484311024067636e-02
4.041668792503634589e-02
4.183826342550061445e-02
4.188474568403526693e-02
4.136055051390848114e-02
4.037746761090330733e-02
4.089795809654628300e-02
4.076703301665531021e-02
4.030433447511537481e-02
4.079843711820201058e-02
4.149443620908413455e-02
4.167449006731539091e-02
4.067819376275193244e-02
4.102627596130893617e-02
4.201340755204217847e-02
4.200712546552252263e-02
4.169970206810283408e-02
4.181324580748953940e-02
4.161066936122967408e-02
4.030649113287566171e-02
5.080606749198427613e-02
8.303395654541756432e-02
7.112460160269404308e-02
4.585313054805369853e-02
4.149138591424914035e-02
4.271840862638048852e-02
6.002325654460907017e-02
1.025212596911686813e-01
9.091282412764276066e-02
4.981525328874789743e-02
4.086303005951903711e-02
4.136696522791683678e-02
4.145372954067391008e-02
5.409856470766430392e-02
1.990466294118163615e-01
4.300846770904573901e-01
3.119987861849785049e-01
3.490695090336155548e-01
7.282696398820777128e-01
5.041626068114823944e-01
1.353347593891425227e-01
3.026153891425917841e-01
4.880378969745908235e-01
7.254810059994175608e-01
1.902459437033907852e+00
1.168319805753403440e+00
1.628548854266315959e-01
4.917647985546683836e-02
2.039795506166376671e-01
8.297664366662484969e-01
7.471634844085776050e-01
5.743552426078097906e-01
2.712968046382441045e+00
3.093440638342225490e+00
6.785590728669811389e-01
6.360787111077151335e-02
4.079518109131719666e-02
3.983881389794484418e-02
4.930280309608549294e-02
3.215814287465005861e-01
1.300612854570263321e+00
1.095496573281669050e+00
9.126831340870973364e-01
3.390747255383431913e+00
2.875837004168954270e+00
4.753393347528976354e-01
4.709654351799458238e-02
3.512282713827940411e-02
4.368607619410295323e-02
5.441756972705556056e-02
5.147733392787132156e-02
4.290646950831664141e-02
4.071193675991159611e-02
1.374586416216568852e-01
8.996259413866536381e-01
1.383407805746256658e+00
4.253089477016336883e-01
6.077047842711249398e-02
4.144943895874234063e-02
4.059749823891163623e-02
4.110545315861854898e-02
4.075904916585729870e-02
4.040573308005304676e-02
4.021932519707312886e-02
4.096735502732378603e-02
4.136024550996419274e-02
4.001807191838670230e-02
4.010943110574251985e-02
4.127108608617442026e-02
4.159671122193633885e-02
4.071732661847363849e-02
3.925858635730670315e-02
4.065303990646736837e-02
4.159898492372748197e-02
4.066376585398461668e-02
4.016552950356739454e-02
4.150622057166171441e-02
4.198766567705724401e-02
4.200890879349679363e-02
4.172846331730916541e-02
4.035218462735344624e-02
3.903089696588033647e-02
6.653835465045404574e-02
6.342656094476553097e-01
4.474656350680120909e+00
1.008446800738441418e+01
4.973336127383412908e+00
4.991008572869363169e-01
2.013472593571754843e-01
4.348043127035688959e-01
1.170540611776348383e+00
3.655779092816771048e+00
2.337780985510743648e+00
3.033067851644155599e-01
4.717290591526230453e-02
4.616447488670213234e-02
9.287393207183895771e-02
1.685743757301166601e-01
1.584778335573519548e-01
6.905541281242489893e-01
1.268207146283050868e+00
4.707022802492207281e-01
6.815420596243806917e-02
4.188492557409392164e-02
4.139889756562761813e-02
4.106308719232074078e-02
4.162984101342776661e-02
5.973079633047184006e-02
9.393746656126703010e-02
7.450292181833335914e-02
1.608845904950873262e-01
4.484944665957100174e-01
3.025866583743458960e-01
7.165938716461600633e-02
4.200269720987014066e-02
4.113070893271875139e-02
4.410950953567775723e-02
2.089868892409494916e-01
1.403201923375959170e+00
2.021627148793531337e+00
5.696664824361232782e-01
7.054917308257337150e-02
5.783308040448067316e-02
5.253698516209542868e-02
6.562865675247536723e-02
1.463661827964018169e-01
1.305666163174162286e-01
5.473492475977806415e-02
4.068345963038706020e-02
4.067361549764954981e-02
4.146951179144547917e-02
5.527579551040946032e-02
6.796270707829299429e-01
4.857008860306350151e+00
6.580781149196293534e+00
1.668238790246584280e+00
1.108304048742342063e-01
4.093958067148815300e-02
4.240199451644947187e-02
4.607319899784233230e-02
4.467518383846636604e-02
4.660274411600057176e-02
6.548853919044263228e-02
6.388182261803078410e-02
5.309496252681102785e-02
3.537273949105133042e-01
2.106947342889354591e+00
2.499143334228060453e+00
5.739745109047603711e-01
6.121138059143185067e-02
4.153301148325115599e-02
4.117224896095124376e-02
4.062160444047815261e-02
4.070588332116138741e-02
4.124407912091541950e-02
4.145752947511575220e-02
4.152961248247026560e-02
4.699319009736827729e-02
4.180841766687517502e-01
4.126675486372798574e+00
8.007269869894573233e+00
2.935185935030697468e+00
2.330915463165388335e-01
4.348339268634681537e-02
4.223334919107203655e-02
4.153045635358561943e-02
4.146199422769910464e-02
4.146757025095305221e-02
4.161193473428398404e-02
4.165241815745531623e-02
4.162134832713456495e-02
4.158738861181229818e-02
4.158166105886978992e-02
4.158585203580485168e-02
4.152873248581078619e-02
4.591411672531251625e-02
2.468128496798087657e-01
1.617689334437277804e+00
2.210041636138547094e+00
5.865353581587879894e-01
6.487899514358048958e-02
4.133063857529153257e-02
4.151209324223861102e-02
4.177310760373211668e-02
4.175999173824184590e-02
4.226567394769931846e-02
4.257149278729002034e-02
9.465425830813407881e-02
1.287361171385048131e+00
5.266216005468662864e+00
4.208110690641879259e+00
6.668723346042614297e-01
5.771766073939083724e-02
4.154873174870769154e-02
4.157546757214106853e-02
4.155682277789624762e-02
4.143966885499997255e-02
4.139260343238939516e-02
4.145779832181459984e-02
4.149510076487746696e-02
4.151564080031528575e-02
4.150873562449201165e-02
4.148654253413234377e-02
4.148373984026178241e-02
4.148329115236823461e-02
4.145592091005714797e-02
4.147162795768936927e-02
4.148714227196831361e-02
4.149738620431860092e-02
4.339925028785899391e-02
1.436801156204980390e-01
9.301826925265288537e-01
1.426153502258274308e+00
4.375423426814095684e-01
6.103875924058842217e-02
4.147433711374111376e-02
4.138862695379862816e-02
4.141685807750870862e-02
4.143015961900983063e-02
4.330584217207710668e-02
1.716979376494929821e-01
1.509211425172402254e+00
3.201890567344047867e+00
1.396949175937403309e+00
1.525364340290844278e-01
4.284771945858077691e-02
4.139330620874894645e-02
4.138814066694074256e-02
4.138160864646784481e-02
4.137128813698100205e-02
4.135110131545796652e-02
4.132600134411062998e-02
4.134548709632031999e-02
4.135623658284681703e-02
4.135002499332440795e-02
4.133467692408690497e-02
4.133033637427342005e-02
3.757821691292393546e-02
4.133628937619979182e-02
4.133227450268576325e-02
4.132646476539254821e-02
4.131149334200774625e-02
4.128128353586924676e-02
4.129310867441818994e-02
4.130087157266035952e-02
4.129637254046553130e-02
4.148564806343878891e-02
6.044681023243421436e-02
3.111835500428287715e-01
7.186155481927185562e-01
3.588746374178932719e-01
6.812033048749559228e-02
4.160992716011018000e-02
4.125272208832652526e-02
4.118888049854861622e-02
4.193463237094145063e-02
9.722160795245314568e-02
6.495906132572604186e-01
1.369721103501510662e+00
6.573470071309687190e-01
1.495929997837071035e-01
3.037500923208010239e-01
2.846279151298943821e-01
8.214358292820236884e-02
4.232405339378215309e-02
4.116645232669257498e-02
4.186062314104151832e-02
7.663270820434567310e-02
3.335350975315921063e-01
4.721480259580804750e-01
1.571938876121796447e-01
4.651983230291854843e-02
4.116843279402053468e-02
4.133538743409820304e-02
5.874583855902382190e-02
2.757331161231700301e-01
5.902286792973023832e-01
2.767524686035106041e-01
5.890030752741767794e-02
4.130776888494330085e-02
4.112180823315511602e-02
4.715586611888204077e-02
1.727877934784065872e-01
5.320122003346661188e-01
3.753750469069420115e-01
8.190741554479581688e-02
4.189205511098985368e-02
4.268645116189342253e-02
8.695255905202320390e-02
3.273442465502232057e-01
6.828034080989198173e-01
5.564857781942412762e-01
1.358562419425997647e-01
4.409432398751856469e-02
4.104617366650202548e-02
4.823721210231837753e-02
1.997580958041710875e-01
8.804433687310236900e-01
1.115919581538546979e+00
3.349209086193687401e-01
5.811282719218070769e-02
1.049654691121427591e-01
3.297224733725324097e-01
4.078811258740258072e-01
5.469486027627668001e-01
5.313865876923171694e-01
6.268357632013505931e-01
6.215044249430590195e-01
7.300595950111371524e-01
6.818787788579259157e-01
6.590991473124434563e-01
6.923307285692192892e-01
6.885831313404334741e-01
6.466188274371005296e-01
6.688250515166510590e-01
8.616768189423273938e-01
6.169606904701118166e-01
4.124606561349467571e-01
3.103804624951053137e-01
3.095010724666970581e-01
3.377819350777104268e-01
4.683119964748021502e-01
4.875850134236321964e-01
3.811834544689143289e-01
3.580606950526518117e-01
1.347464098285129641e-01
4.485804932570104653e-02
8.385067838097733095e-02
2.366489101436652920e-01
1.973474283732102597e-01
5.953109176326720070e-02
4.019935746772573815e-02
5.846903556805735369e-02
1.032340923132815114e-01
1.145793491687394777e-01
5.790969204903904100e-01
1.490420669287937150e+00
7.603177715537413617e-01
1.046633459648373815e-01
1.038723171674713203e-01
9.717556743493410698e-01
4.327415729194662219e+00
3.904363003278395805e+00
6.698282308321242828e-01
3.090054867767453306e-01
2.638621440327134859e+00
4.673959200569003158e+00
1.716909826409047657e+00
1.772830939417833207e+00
2.890624136992195226e+00
9.544771386580462869e-01
5.146724530487511995e-01
2.275863603436550253e+00
2.164726536036687854e+00
4.055951919383076198e-01
4.989392846801733727e-02
3.853205384435650499e-02
4.066385112582979189e-02
1.458202561943179321e-01
9.907161495549988706e-01
1.556778995825020884e+00
4.814000013049710702e-01
6.133389338091993492e-02
4.033043935211280684e-02
4.009998956406227166e-02
3.888046974052205423e-02
5.432118736394575542e-02
4.273483376121363086e-01
1.707370723591954187e+00
1.579368934295287463e+00
7.488038391623840218e-01
9.740649344005986032e-01
1.536753049983377251e+00
5.962865908120988934e-01
1.519187711865196688e-01
5.285790688996593323e-01
1.275446120472952360e+00
2.434146257001952751e+00
1.399491260993902531e+00
1.880891393572964865e-01
5.644745385698333312e-02
9.614583888165491310e-02
5.842838768847401498e-01
1.124863244236059767e+00
1.145765693187367429e+00
3.384849047572065839e+00
3.505888989424040147e+00
7.201334374989067921e-01
7.142872993436619189e-02
4.155154277303061555e-02
4.036902508480381263e-02
4.035316847732763057e-02
7.146831901796323050e-02
5.915667761670329039e-01
1.734164911436135714e+00
1.459716811459730090e+00
3.419503402519773694e+00
4.101233994701400931e+00
9.565652112496665360e-01
7.585025705456319156e-02
4.060883354581524413e-02
4.054484628973181043e-02
4.325734103616204335e-02
1.821388358926752105e-01
1.212000509486967914e+00
1.773481246411107826e+00
5.098483983603353531e-01
9.180377357494165502e-02
5.626896215250422051e-01
1.649430229381705360e+00
9.488972673846666206e-01
1.333904616874135307e-01
1.629086498405064587e-01
1.419040627002130739e+00
2.813236426714506688e+00
1.062445722176898810e+00
1.062155295990382942e-01
4.105768670205932336e-02
4.050677870247363505e-02
4.048640247728729769e-02
4.045094301105209983e-02
4.059352977128589252e-02
4.449831180719401175e-02
6.114037499878831328e-02
5.964395622569204636e-02
4.363734901152732659e-02
4.043182633702519652e-02
4.035109429321135505e-02
4.044158483028888196e-02
4.050862221187741252e-02
4.131168698304300835e-02
4.301542026021554221e-02
4.210067333480642382e-02
4.029310972381956041e-02
3.979278931210114556e-02
4.056619140752159430e-02
4.294351115323334633e-02
4.456112996875820353e-02
4.764703278901127187e-02
2.583196387062249855e-01
2.611402261004254655e+00
1.005594559268851818e+01
9.370487240793087480e+00
1.725293996684193143e+00
1.009377251202216164e-01
1.776737166234638454e-01
4.320152753330993578e-01
8.515828253129085201e-01
3.589281796053739093e+00
3.645204139630695561e+00
7.079078273873798954e-01
6.088919281386449833e-02
4.017542874480812404e-02
4.194386175321358767e-02
7.856680667785460870e-02
1.891560903939458749e-01
1.421731678602088378e-01
2.328835431590446647e-01
1.241726139936776274e+00
1.523609342472449946e+00
3.752720581115563947e-01
5.305039878851220553e-02
4.012578228350754950e-02
4.004710550013691056e-02
3.960545655962269262e-02
3.944113760018320980e-02
4.098531311038854097e-02
6.073087200031715427e-02
1.028013610791382315e-01
7.542807556278979808e-02
8.086916237692368115e-02
3.743578912401491765e-01
5.745871611105759502e-01
1.975713116118028301e-01
4.803306237230647174e-02
4.117376538675868863e-02
1.393906800380329825e-01
1.200664201333787595e+00
2.441780905253179146e+00
9.568678483915484811e-01
1.018168441658507395e-01
4.038042354265133221e-02
3.913815348026009056e-02
4.287954608492383635e-02
5.892238346193987009e-02
5.719221266816380822e-02
4.477909072645452904e-02
8.812674740377189619e-02
1.971883709684882913e-01
1.336849399182482023e-01
4.986785233204455575e-02
4.100840117452900918e-02
1.295170074143888461e-01
2.017695625721090291e+00
7.615521806806698990e+00
5.359305186740769500e+00
7.118723680812566457e-01
5.251766976073475590e-02
3.892782794270134572e-02
3.926634548233347288e-02
3.770699322204702775e-02
3.805059313394768689e-02
3.885315348217655007e-02
3.876782866530237293e-02
4.193019101202789811e-02
4.151094696115262966e-02
6.172918243787623577e-02
6.367098370437421773e-01
2.881900188212186187e+00
2.526481366258237049e+00
4.348436491347668631e-01
5.007313463054145763e-02
3.985649493053133180e-02
3.942202168794477907e-02
3.686030526786492761e-02
3.559874316327866356e-02
3.763830875959671418e-02
3.823760439194212601e-02
3.915114601514219778e-02
3.979574728390575244e-02
3.990518277873800895e-02
1.809996643730253929e-01
2.757244917433978593e+00
9.040807997955477404e+00
5.583685681296612913e+00
6.615605349217738018e-01
5.114474714271553812e-02
4.035688615830818754e-02
3.753460332147878775e-02
3.221462914630453950e-02
3.909927435109480237e-02
4.631080742950215157e-02
4.175504159980334556e-02
3.673419647890907580e-02
3.835443790179236118e-02
3.913211647180137726e-02
3.966537097495721753e-02
3.983399147968998133e-02
3.976617902800255039e-02
3.892914732208414830e-02
4.289959976052824114e-02
3.126863932226395248e-01
2.011761408487347857e+00
2.572505396934237520e+00
6.314302519241935530e-01
6.154288819497891888e-02
3.506385702170067287e-02
3.265914219207187441e-02
3.673606612601018617e-02
3.782970366098366982e-02
3.751448367516339172e-02
3.716853913039195462e-02
3.659109637777175489e-02
4.369185160337282769e-02
3.770054310992225211e-01
3.169661341828401202e+00
5.465167381526279122e+00
1.847197162517172364e+00
1.500862625482639046e-01
4.095035972016465575e-02
3.914463892836742703e-02
3.589238646189170379e-02
3.374754547846799818e-02
3.731872028986633893e-02
3.928847476394115718e-02
3.950379024626612251e-02
3.912441689782598236e-02
3.728476338305894422e-02
3.538435006103323593e-02
3.602986069303103916e-02
3.528416350013135333e-02
3.697178098053278961e-02
3.669436321815712498e-02
3.566544359816813808e-02
3.773316498914487671e-02
3.586878073188468075e-02
3.109343568957092727e-02
3.249557148673358487e-02
4.861025769857214851e-02
3.635623439972326398e-01
1.516798806659903853e+00
1.262902214480459584e+00
2.178418566058109851e-01
4.067061822370618418e-02
3.754904403005777241e-02
3.758586716769751757e-02
3.716306842876068717e-02
3.661732669567273335e-02
3.554793046437024900e-02
3.486826151076514307e-02
1.618851992761643765e-01
1.655435851282996085e+00
3.947519712923089230e+00
1.940420860477601428e+00
2.140646157666487026e-01
3.725697599595269305e-02
3.740557363330317131e-02
3.902550477696105358e-02
3.901768842426815709e-02
3.726846550134949032e-02
3.454792501434459512e-02
3.446221890782553976e-02
3.334080316716173803e-02
3.786933555799407158e-02
3.746358393618311883e-02
3.735667698976200685e-02
3.755725237274148975e-02
3.432810249749011777e-02
3.294790616094320224e-02
3.599528024280122113e-02
3.711090544339366859e-02
3.559318803029470207e-02
3.568149053151292716e-02
3.266163688564428791e-02
3.073282005262363906e-02
3.161570687063273988e-02
3.128985337419412649e-02
3.180619649268479066e-02
3.264294451227930244e-02
3.674424829147601712e-02
5.904792495001271596e-02
2.720418714116655257e-01
5.007701077702341186e-01
2.080602213516762888e-01
4.560499839529239680e-02
3.162611184158457822e-02
3.000019149342283975e-02
2.696319651987119995e-02
3.003657640133054751e-02
3.010190649154970838e-02
4.849878450614783509e-02
3.027891995174161188e-01
7.754522035986820550e-01
4.968720842735432353e-01
9.944653992109220297e-02
3.650807151613812834e-02
3.570485064572891803e-02
3.133771833255893924e-02
2.537607420165510774e-02
2.676169489193900089e-02
3.206362503187675655e-02
3.670443119490133382e-02
3.552750768417855393e-02
3.137101591900338243e-02
3.318134294882019164e-02
3.697749546279850003e-02
3.700027681479642339e-02
3.371235669806079555e-02
2.554604539681272143e-02
2.824745640099317681e-02
3.598212443863510468e-02
3.723510653545522575e-02
3.454026844983622974e-02
3.054452817329164280e-02
2.944543409964341107e-02
2.759582066961489485e-02
3.057408682426039984e-02
2.918297644850410474e-02
3.131281239894281865e-02
3.669010499553614080e-02
3.505756559195598310e-02
3.231384991382335592e-02
3.384396527354906897e-02
3.107135088016141009e-02
3.374303528013796599e-02
4.484271641809060155e-02
1.224455601027722856e-01
2.153421195660154275e-01
1.012799587467883983e-01
3.220610727096557407e-02
3.383480079457163586e-02
3.634815134327912256e-02
3.302250407759641654e-02
2.927530593675601103e-02
4.369113480776223857e-02
1.876725784928699181e-01
5.695726198672967922e-01
4.638441765643284143e-01
1.136812713276177667e-01
3.378946888613500177e-02
3.297447600764425585e-02
3.342692099958067403e-02
3.471369855257268322e-02
3.393846539923014993e-02
2.568126360929854843e-02
1.938660597521042403e-02
1.996972316171957348e-02
1.992234780444459424e-02
2.255151706517277352e-02
2.987913379447323589e-02
3.495600667812884255e-02
3.041774184982738716e-02
2.490141432126335291e-02
2.668798904439843855e-02
2.914263482528582291e-02
2.926904144015030768e-02
2.193347489643681161e-02
2.329156955304734211e-02
3.085472741777120151e-02
3.085105781580341211e-02
2.736049686484382307e-02
1.830178741978731941e-02
9.285614528072493046e-03
1.142949722222262945e-02
1.403817746868267838e-02
1.183035964191984576e-02
1.622975804630318389e-02
1.736984408493080431e-02
2.168678786018193166e-02
2.593557625480702802e-02
2.924017336386176488e-02
2.498792335898620057e-02
