8.743339999999999446e-02
8.756811699218750022e-02
8.770283398437499212e-02
8.783755097656249788e-02
8.797226796874998977e-02
8.810698496093749554e-02
8.824170195312500131e-02
8.837641894531249320e-02
8.851113593749999897e-02
8.864585292968749086e-02
8.878056992187499663e-02
8.891528691406248852e-02
8.905000390624999429e-02
8.918472089843750006e-02
8.931943789062499195e-02
8.945415488281249772e-02
8.958887187499998961e-02
8.972358886718749538e-02
8.985830585937500115e-02
8.999302285156249304e-02
9.012773984374999880e-02
9.026245683593749070e-02
9.039717382812499646e-02
9.053189082031248835e-02
9.066660781249999412e-02
9.080132480468749989e-02
9.093604179687499178e-02
9.107075878906249755e-02
9.120547578124998944e-02
9.134019277343749521e-02
9.147490976562500098e-02
9.160962675781249287e-02
9.174434374999999864e-02
9.187906074218749053e-02
9.201377773437499630e-02
9.214849472656250207e-02
9.228321171874999396e-02
9.241792871093749973e-02
9.255264570312499162e-02
9.268736269531249738e-02
9.282207968749998928e-02
9.295679667968749504e-02
9.309151367187500081e-02
9.322623066406249270e-02
9.336094765624999847e-02
9.349566464843749036e-02
9.363038164062499613e-02
9.376509863281248802e-02
9.389981562499999379e-02
9.403453261718749956e-02
9.416924960937499145e-02
9.430396660156249722e-02
9.443868359374998911e-02
9.457340058593749488e-02
9.470811757812500065e-02
9.484283457031249254e-02
9.497755156249999831e-02
9.511226855468749020e-02
9.524698554687499596e-02
9.538170253906250173e-02
9.551641953124999362e-02
9.565113652343749939e-02
9.578585351562499128e-02
9.592057050781249705e-02
9.605528750000000282e-02
9.619000449218749471e-02
9.632472148437500048e-02
9.645943847656249237e-02
9.659415546874999814e-02
9.672887246093749003e-02
9.686358945312499580e-02
9.699830644531250157e-02
9.713302343749999346e-02
9.726774042968749923e-02
9.740245742187499112e-02
9.753717441406249689e-02
9.767189140624998878e-02
9.780660839843749454e-02
9.794132539062500031e-02
9.807604238281249220e-02
9.821075937499999797e-02
9.834547636718748986e-02
9.848019335937499563e-02
9.861491035156250140e-02
9.874962734374999329e-02
9.888434433593749906e-02
9.901906132812499095e-02
9.915377832031249672e-02
9.928849531250000249e-02
9.942321230468749438e-02
9.955792929687500015e-02
9.969264628906249204e-02
9.982736328124999781e-02
9.996208027343750357e-02
1.000967972656249955e-01
1.002315142578125012e-01
1.003662312499999931e-01
1.005009482421874989e-01
1.006356652343749908e-01
1.007703822265624966e-01
1.009050992187499884e-01
1.010398162109374942e-01
1.011745332031250000e-01
1.013092501953124919e-01
1.014439671874999976e-01
1.015786841796874895e-01
1.017134011718749953e-01
1.018481181640625011e-01
1.019828351562499930e-01
1.021175521484374987e-01
1.022522691406249906e-01
1.023869861328124964e-01
1.025217031250000022e-01
1.026564201171874940e-01
1.027911371093749998e-01
1.029258541015624917e-01
1.030605710937499975e-01
1.031952880859375032e-01
1.033300050781249951e-01
1.034647220703125009e-01
1.035994390624999928e-01
1.037341560546874986e-01
1.038688730468750043e-01
1.040035900390624962e-01
1.041383070312499881e-01
1.042730240234374939e-01
1.044077410156249996e-01
1.045424580078124915e-01
1.046771749999999973e-01
1.048118919921874892e-01
1.049466089843749950e-01
1.050813259765625007e-01
1.052160429687499926e-01
1.053507599609374984e-01
1.054854769531249903e-01
1.056201939453124961e-01
1.057549109375000018e-01
1.058896279296874937e-01
1.060243449218749995e-01
1.061590619140624914e-01
1.062937789062499971e-01
1.064284958984375029e-01
1.065632128906249948e-01
1.066979298828125006e-01
1.068326468749999925e-01
1.069673638671874982e-01
1.071020808593750040e-01
1.072367978515624959e-01
1.073715148437500017e-01
1.075062318359374935e-01
1.076409488281249993e-01
1.077756658203125051e-01
1.079103828124999970e-01
1.080450998046874889e-01
1.081798167968749946e-01
1.083145337890625004e-01
1.084492507812499923e-01
1.085839677734374981e-01
1.087186847656249900e-01
1.088534017578124957e-01
1.089881187500000015e-01
1.091228357421874934e-01
1.092575527343749991e-01
1.093922697265624910e-01
1.095269867187499968e-01
1.096617037109375026e-01
1.097964207031249945e-01
1.099311376953125002e-01
1.100658546874999921e-01
1.102005716796874979e-01
1.103352886718750037e-01
1.104700056640624956e-01
1.106047226562500013e-01
1.107394396484374932e-01
1.108741566406249990e-01
1.110088736328125048e-01
1.111435906249999966e-01
1.112783076171875024e-01
1.114130246093749943e-01
1.115477416015625001e-01
1.116824585937500058e-01
1.118171755859374977e-01
1.119518925781249896e-01
1.120866095703124954e-01
1.122213265625000012e-01
1.123560435546874930e-01
1.124907605468749988e-01
1.126254775390624907e-01
1.127601945312499965e-01
1.128949115234375022e-01
1.130296285156249941e-01
1.131643455078124999e-01
1.132990624999999918e-01
1.134337794921874976e-01
1.135684964843750033e-01
1.137032134765624952e-01
1.138379304687500010e-01
1.139726474609374929e-01
1.141073644531249986e-01
1.142420814453125044e-01
1.143767984374999963e-01
1.145115154296875021e-01
1.146462324218749940e-01
1.147809494140624997e-01
1.149156664062500055e-01
1.150503833984374974e-01
1.151851003906249893e-01
1.153198173828124951e-01
1.154545343750000008e-01
1.155892513671874927e-01
1.157239683593749985e-01
1.158586853515624904e-01
1.159934023437499961e-01
1.161281193359375019e-01
1.162628363281249938e-01
1.163975533203124996e-01
1.165322703124999915e-01
1.166669873046874972e-01
1.168017042968750030e-01
1.169364212890624949e-01
1.170711382812500007e-01
1.172058552734374925e-01
1.173405722656249983e-01
1.174752892578125041e-01
1.176100062499999960e-01
1.177447232421875017e-01
1.178794402343749936e-01
1.180141572265624994e-01
1.181757089843750025e-01
1.183708041992187487e-01
1.185658994140624950e-01
1.187609946289062551e-01
1.189560898437500014e-01
1.191511850585937476e-01
1.193462802734374939e-01
1.195413754882812540e-01
1.197364707031250003e-01
1.199315659179687465e-01
1.201266611328124928e-01
1.203217563476562529e-01
1.205168515624999992e-01
1.207119467773437455e-01
1.209070419921875056e-01
1.211021372070312518e-01
1.212972324218749981e-01
1.214923276367187444e-01
1.216874228515625045e-01
1.218825180664062507e-01
1.220776132812499970e-01
1.222727084960937433e-01
1.224678037109375034e-01
1.226628989257812496e-01
1.228579941406249959e-01
1.230530893554687422e-01
1.232481845703125023e-01
1.234432797851562486e-01
1.236383749999999948e-01
1.238334702148437549e-01
1.240285654296875012e-01
1.242236606445312475e-01
1.244187558593749937e-01
1.246138510742187538e-01
1.248089462890625001e-01
1.250040415039062602e-01
1.251991367187499926e-01
1.253942319335937527e-01
1.255893271484374851e-01
1.257844223632812453e-01
1.259795175781250054e-01
1.261746127929687378e-01
1.263697080078124979e-01
1.265648032226562580e-01
1.267598984374999904e-01
1.269549936523437506e-01
1.271500888671875107e-01
1.273451840820312431e-01
1.275402792968750032e-01
1.277353745117187356e-01
1.279304697265624957e-01
1.281255649414062558e-01
1.283206601562499882e-01
1.285157553710937484e-01
1.287108505859375085e-01
1.289059458007812409e-01
1.291010410156250010e-01
1.292961362304687611e-01
1.294912314453124935e-01
1.296863266601562537e-01
1.298814218749999860e-01
1.300765170898437462e-01
1.302716123046875063e-01
1.304667075195312387e-01
1.306618027343749988e-01
1.308568979492187589e-01
1.310519931640624913e-01
1.312470883789062515e-01
1.314421835937499838e-01
1.316372788085937440e-01
1.318323740234375041e-01
1.320274692382812365e-01
1.322225644531249966e-01
1.324176596679687568e-01
1.326127548828124891e-01
1.328078500976562493e-01
1.330029453125000094e-01
1.331980405273437418e-01
1.333931357421875019e-01
1.335882309570312343e-01
1.337833261718749944e-01
1.339784213867187546e-01
1.341735166015624869e-01
1.343686118164062471e-01
1.345637070312500072e-01
1.347588022460937396e-01
1.349538974609374997e-01
1.351489926757812321e-01
1.353440878906249922e-01
1.355391831054687524e-01
1.357342783203124847e-01
1.359293735351562449e-01
1.361244687500000050e-01
1.363195639648437374e-01
1.365146591796874975e-01
1.367097543945312577e-01
1.369048496093749900e-01
1.370999448242187502e-01
1.372950400390625103e-01
1.374901352539062427e-01
1.376852304687500028e-01
1.378803256835937352e-01
1.380754208984374953e-01
1.382705161132812555e-01
1.384656113281249878e-01
1.386607065429687480e-01
1.388558017578124804e-01
1.390508969726562405e-01
1.392459921875000006e-01
1.394410874023437330e-01
1.396361826171874931e-01
1.398312778320312533e-01
1.400263730468749857e-01
1.402214682617187458e-01
1.404165634765625059e-01
1.406116586914062383e-01
1.408067539062499984e-01
1.410018491210937586e-01
1.411969443359374909e-01
1.413920395507812511e-01
1.415871347656249835e-01
1.417822299804687436e-01
1.419773251953125037e-01
1.421724204101562361e-01
1.423675156249999962e-01
1.425626108398437564e-01
1.427577060546874888e-01
1.429528012695312489e-01
1.431478964843749813e-01
1.433429916992187414e-01
1.435380869140625015e-01
1.437331821289062339e-01
1.439282773437499940e-01
1.441233725585937542e-01
1.443184677734374866e-01
1.445135629882812467e-01
1.447086582031250068e-01
1.449037534179687392e-01
1.450988486328124993e-01
1.452939438476562595e-01
1.454890390624999919e-01
1.456841342773437520e-01
1.458792294921874844e-01
1.460743247070312445e-01
1.462694199218750046e-01
1.464645151367187370e-01
1.466596103515624971e-01
1.468547055664062295e-01
1.470498007812499897e-01
1.472448959960937498e-01
1.474399912109374822e-01
1.476350864257812423e-01
1.478301816406250024e-01
1.480252768554687348e-01
1.482203720703124949e-01
1.484154672851562551e-01
1.486105624999999875e-01
1.488056577148437476e-01
1.490007529296875077e-01
1.491958481445312401e-01
1.493909433593750002e-01
1.495860385742187604e-01
1.497811337890624928e-01
1.499762290039062529e-01
1.501713242187499853e-01
1.503664194335937454e-01
1.505615146484374778e-01
1.507566098632812379e-01
1.509517050781249980e-01
1.511468002929687304e-01
1.513418955078124906e-01
1.515369907226562507e-01
1.517320859374999831e-01
1.519271811523437432e-01
1.521222763671875033e-01
1.523173715820312357e-01
1.525124667968749959e-01
1.527075620117187560e-01
1.529026572265624884e-01
1.530977524414062485e-01
1.532928476562500086e-01
1.534879428710937410e-01
1.536830380859375011e-01
1.538781333007812335e-01
1.540732285156249937e-01
1.542683237304687260e-01
1.544634189453124862e-01
1.546585141601562463e-01
1.548536093749999787e-01
1.550487045898437388e-01
1.552437998046874990e-01
1.554388950195312313e-01
1.556339902343749915e-01
1.558290854492187516e-01
1.560241806640624840e-01
1.562192758789062441e-01
1.564143710937500042e-01
1.566094663085937366e-01
1.568045615234374968e-01
1.569996567382812569e-01
1.571947519531249893e-01
1.573898471679687494e-01
1.575849423828125095e-01
1.577800375976562419e-01
1.579751328125000021e-01
1.581702280273437344e-01
1.583653232421874946e-01
1.585604184570312269e-01
1.587555136718749871e-01
1.589506088867187472e-01
1.591457041015624796e-01
1.593407993164062397e-01
1.595358945312499999e-01
1.597309897460937322e-01
1.599260849609374924e-01
1.601211801757812525e-01
1.603162753906249849e-01
1.605113706054687450e-01
1.607064658203125052e-01
1.609015610351562375e-01
1.610966562499999977e-01
1.612917514648437578e-01
1.614868466796874902e-01
1.616819418945312503e-01
1.618770371093749827e-01
1.620721323242187428e-01
1.622672275390624752e-01
1.624623227539062353e-01
1.626162304687499838e-01
1.627649897460937412e-01
1.629137490234374985e-01
1.630625083007812282e-01
1.632112675781249855e-01
1.633600268554687429e-01
1.635087861328125003e-01
1.636575454101562299e-01
1.638063046874999873e-01
1.639550639648437447e-01
1.641038232421875021e-01
1.642525825195312317e-01
1.644013417968749891e-01
1.645501010742187464e-01
1.646988603515625038e-01
1.648476196289062334e-01
1.649963789062499908e-01
1.651451381835937482e-01
1.652938974609374778e-01
1.654426567382812352e-01
1.655914160156249926e-01
1.657401752929687500e-01
1.658889345703124796e-01
1.660376938476562370e-01
1.661864531249999943e-01
1.663352124023437517e-01
1.664839716796874813e-01
1.666327309570312387e-01
1.667814902343749961e-01
1.669302495117187535e-01
1.670790087890624831e-01
1.672277680664062405e-01
1.673765273437499979e-01
1.675252866210937552e-01
1.676740458984374849e-01
1.678228051757812422e-01
1.679715644531249996e-01
1.681203237304687570e-01
1.682690830078124866e-01
1.684178422851562440e-01
1.685666015625000014e-01
1.687153608398437310e-01
1.688641201171874884e-01
1.690128793945312458e-01
1.691616386718750031e-01
1.693103979492187328e-01
1.694591572265624901e-01
1.696079165039062475e-01
1.697566757812500049e-01
1.699054350585937345e-01
1.700541943359374919e-01
1.702029536132812493e-01
1.703517128906250067e-01
1.705004721679687363e-01
1.706492314453124937e-01
1.707979907226562510e-01
1.709467499999999807e-01
1.710955092773437380e-01
1.712442685546874954e-01
1.713930278320312528e-01
1.715417871093749824e-01
1.716905463867187398e-01
1.718393056640624972e-01
1.719880649414062546e-01
1.721368242187499842e-01
1.722855834960937416e-01
1.724343427734374989e-01
1.725831020507812563e-01
1.727318613281249859e-01
1.728806206054687433e-01
1.730293798828125007e-01
1.731781391601562581e-01
1.733268984374999877e-01
1.734756577148437451e-01
1.736244169921875025e-01
1.737731762695312598e-01
1.739219355468749895e-01
1.740706948242187468e-01
1.742194541015625042e-01
1.743682133789062338e-01
1.745169726562499912e-01
1.746657319335937486e-01
1.748144912109375060e-01
1.749632504882812356e-01
1.751120097656249930e-01
1.752607690429687504e-01
1.754095283203125077e-01
1.755582875976562374e-01
1.757070468749999947e-01
1.758558061523437521e-01
1.760045654296875095e-01
1.761533247070312391e-01
1.763020839843749965e-01
1.764508432617187539e-01
1.765996025390624835e-01
1.767483618164062409e-01
1.768971210937499983e-01
1.770458803710937556e-01
1.771946396484374853e-01
1.773433989257812426e-01
1.774921582031250000e-01
1.776409174804687574e-01
1.777896767578124870e-01
1.779384360351562444e-01
1.780871953125000018e-01
1.782359545898437592e-01
1.783847138671874888e-01
1.785334731445312462e-01
1.786822324218750035e-01
1.788309916992187609e-01
1.789797509765624905e-01
1.791285102539062479e-01
1.792772695312500053e-01
1.794260288085937627e-01
1.795747880859374923e-01
1.797235473632812497e-01
1.798723066406250071e-01
1.800210659179687367e-01
1.801698251953124941e-01
1.803185844726562514e-01
1.804673437500000088e-01
1.806161030273437385e-01
1.807648623046874958e-01
1.809136215820312532e-01
1.810623808593750106e-01
1.812111401367187402e-01
1.813598994140624976e-01
1.815086586914062550e-01
1.816574179687500123e-01
1.818061772460937420e-01
1.819549365234374994e-01
1.821036958007812567e-01
1.822524550781249864e-01
1.824012143554687437e-01
1.825499736328125011e-01
1.826987329101562585e-01
1.828474921875000159e-01
1.829962514648437455e-01
1.831450107421875029e-01
1.832937700195312603e-01
1.834425292968749899e-01
1.835912885742187473e-01
1.837400478515625046e-01
1.838888071289062620e-01
1.840375664062499916e-01
1.841863256835937490e-01
1.843350849609375064e-01
1.844838442382812638e-01
1.846326035156249934e-01
1.847813627929687508e-01
1.849301220703125082e-01
1.850788813476562655e-01
1.852276406249999952e-01
1.853763999023437525e-01
1.855251591796875099e-01
1.856739184570312395e-01
1.858226777343749969e-01
1.859714370117187543e-01
1.861201962890625117e-01
1.862689555664062691e-01
1.864177148437499987e-01
1.865664741210937561e-01
1.867152333984375134e-01
1.868639926757812431e-01
1.870127519531250004e-01
1.871615112304687578e-01
1.873102705078125152e-01
1.874590297851562448e-01
1.876077890625000022e-01
1.877565483398437596e-01
1.879053076171874892e-01
1.880540668945312466e-01
1.882028261718750040e-01
1.883515854492187613e-01
1.885003447265625187e-01
1.886491040039062483e-01
1.887978632812500057e-01
1.889466225585937631e-01
1.890953818359374927e-01
1.892441411132812501e-01
1.893929003906250075e-01
1.895416596679687649e-01
1.896904189453124945e-01
1.898391782226562519e-01
1.899879375000000092e-01
1.901366967773437666e-01
1.902854560546874962e-01
1.904342153320312536e-01
1.905829746093750110e-01
1.907317338867187684e-01
1.908804931640624980e-01
1.910292524414062554e-01
1.911780117187500128e-01
1.913267709960937424e-01
1.914755302734374998e-01
1.916242895507812571e-01
1.917730488281250145e-01
1.919218081054687719e-01
1.920705673828125015e-01
1.922193266601562589e-01
1.923680859375000163e-01
1.925168452148437459e-01
1.926656044921875033e-01
1.928143637695312607e-01
1.929631230468750180e-01
1.931118823242187477e-01
1.932606416015625050e-01
1.934094008789062624e-01
1.935581601562500198e-01
1.937069194335937494e-01
1.938556787109375068e-01
1.940044379882812642e-01
1.941531972656250216e-01
1.943019565429687512e-01
1.944507158203125086e-01
1.945994750976562659e-01
1.947482343749999956e-01
1.948969936523437529e-01
1.950457529296875103e-01
1.951945122070312677e-01
1.953432714843750251e-01
1.954920307617187547e-01
1.956407900390625121e-01
1.957895493164062695e-01
1.959383085937499991e-01
1.960870678710937565e-01
1.962358271484375138e-01
1.963746694335937459e-01
1.964936777343750107e-01
1.966126860351562478e-01
1.967316943359375125e-01
1.968507026367187496e-01
1.969697109375000144e-01
1.970887192382812514e-01
1.972077275390625162e-01
1.973267358398437532e-01
1.974457441406250180e-01
1.975647524414062550e-01
1.976837607421875198e-01
1.978027690429687568e-01
1.979217773437500216e-01
1.980407856445312587e-01
1.981597939453124957e-01
1.982788022460937605e-01
1.983978105468749975e-01
1.985168188476562623e-01
1.986358271484374993e-01
1.987548354492187641e-01
1.988738437500000011e-01
1.989928520507812659e-01
1.991118603515625030e-01
1.992308686523437677e-01
1.993498769531250048e-01
1.994688852539062696e-01
1.995878935546875066e-01
1.997069018554687714e-01
1.998259101562500084e-01
1.999449184570312454e-01
2.000639267578125102e-01
2.001829350585937473e-01
2.003019433593750120e-01
2.004209516601562491e-01
2.005399599609375139e-01
2.006589682617187509e-01
2.007779765625000157e-01
2.008969848632812527e-01
2.010159931640625175e-01
2.011350014648437545e-01
2.012540097656250193e-01
2.013730180664062563e-01
2.014920263671875211e-01
2.016110346679687582e-01
2.017300429687500229e-01
2.018490512695312600e-01
2.019680595703124970e-01
2.020870678710937618e-01
2.022060761718749988e-01
2.023250844726562636e-01
2.024440927734375006e-01
2.025631010742187654e-01
2.026821093750000025e-01
2.028011176757812672e-01
2.029201259765625043e-01
2.030391342773437691e-01
2.031581425781250061e-01
2.032771508789062709e-01
2.033961591796875079e-01
2.035151674804687727e-01
2.036341757812500097e-01
2.037531840820312468e-01
2.038721923828125115e-01
2.039912006835937486e-01
2.041102089843750134e-01
2.042292172851562504e-01
2.043482255859375152e-01
2.044672338867187522e-01
2.045862421875000170e-01
2.047052504882812540e-01
2.048242587890625188e-01
2.049432670898437558e-01
2.050622753906250206e-01
2.051812836914062577e-01
2.053002919921875224e-01
2.054193002929687595e-01
2.055383085937499965e-01
2.056573168945312613e-01
2.057763251953124983e-01
2.058953334960937631e-01
2.060143417968750001e-01
2.061333500976562649e-01
2.062523583984375020e-01
2.063713666992187667e-01
2.064903750000000038e-01
2.066093833007812686e-01
2.067283916015625056e-01
2.068473999023437704e-01
2.069664082031250074e-01
2.070854165039062722e-01
2.072044248046875092e-01
2.073234331054687463e-01
2.074424414062500110e-01
2.075614497070312481e-01
2.076804580078125129e-01
2.077994663085937499e-01
2.079184746093750147e-01
2.080374829101562517e-01
2.081564912109375165e-01
2.082754995117187535e-01
2.083945078125000183e-01
2.085135161132812553e-01
2.086325244140625201e-01
2.087515327148437572e-01
2.088705410156250220e-01
2.089895493164062590e-01
2.091085576171874960e-01
2.092275659179687608e-01
2.093465742187499978e-01
2.094655825195312626e-01
2.095845908203124996e-01
2.097035991210937644e-01
2.098226074218750015e-01
2.099416157226562663e-01
2.100606240234375033e-01
2.101796323242187681e-01
2.102986406250000051e-01
2.104176489257812699e-01
2.105366572265625069e-01
2.106556655273437717e-01
2.107746738281250087e-01
2.108936821289062458e-01
2.110126904296875106e-01
2.111316987304687476e-01
2.112507070312500124e-01
2.113697153320312494e-01
2.114887236328125142e-01
2.116077319335937512e-01
2.117267402343750160e-01
2.118457485351562530e-01
2.119647568359375178e-01
2.120837651367187549e-01
2.122027734374999919e-01
2.123217817382812567e-01
2.124407900390625215e-01
2.125597983398437585e-01
2.126788066406249955e-01
2.127978149414062603e-01
2.129168232421874973e-01
2.130358315429687621e-01
2.131548398437499992e-01
2.132738481445312639e-01
2.133928564453125010e-01
2.135118647460937658e-01
2.136308730468750028e-01
2.137498813476562676e-01
2.138688896484375046e-01
2.139878979492187416e-01
2.141069062500000064e-01
2.142259145507812712e-01
2.143449228515625082e-01
2.144639311523437453e-01
2.145829394531250101e-01
2.147019477539062471e-01
2.148209560546875119e-01
2.149399643554687489e-01
2.150589726562500137e-01
2.151779809570312507e-01
2.152969892578125155e-01
2.154159975585937525e-01
2.155350058593750173e-01
2.156540141601562544e-01
2.157730224609374914e-01
2.158920307617187562e-01
2.160110390625000210e-01
2.161300473632812580e-01
2.162490556640624950e-01
2.163680639648437598e-01
2.164870722656249968e-01
2.166060805664062616e-01
2.167250888671874987e-01
2.168440971679687634e-01
2.169631054687500005e-01
2.170821137695312653e-01
2.172011220703125023e-01
2.173201303710937671e-01
2.174391386718750041e-01
2.175581469726562411e-01
2.176771552734375059e-01
2.177961635742187707e-01
2.179151718750000077e-01
2.180341801757812448e-01
2.181531884765625096e-01
2.182721967773437466e-01
2.183912050781250114e-01
2.185102133789062484e-01
2.186292216796875132e-01
2.187482299804687502e-01
2.188672382812500150e-01
2.189862465820312520e-01
2.191052548828125168e-01
2.192242631835937539e-01
2.193432714843749909e-01
2.194622797851562557e-01
2.195812880859375205e-01
2.197002963867187575e-01
2.198193046874999945e-01
2.199383129882812593e-01
2.200573212890624963e-01
2.201763295898437611e-01
2.202953378906249982e-01
2.204143461914062629e-01
2.205333544921875000e-01
2.206523627929687648e-01
2.207713710937500018e-01
2.208903793945312666e-01
2.210093876953125036e-01
2.211283959960937406e-01
2.212474042968750054e-01
2.213664125976562702e-01
2.214854208984375072e-01
2.216044291992187443e-01
2.217234375000000091e-01
2.218424458007812461e-01
2.219614541015625109e-01
2.220804624023437479e-01
2.221994707031250127e-01
2.223184790039062497e-01
2.224374873046875145e-01
2.225564956054687515e-01
2.226755039062500163e-01
2.227945122070312534e-01
2.229135205078124904e-01
2.230325288085937552e-01
2.231515371093750200e-01
2.232705454101562570e-01
2.233895537109374940e-01
2.234854223632812553e-01
2.235746796874999998e-01
2.236639370117187442e-01
2.237531943359375164e-01
2.238424516601562608e-01
2.239317089843750053e-01
2.240209663085937497e-01
2.241102236328124941e-01
2.241994809570312663e-01
2.242887382812500108e-01
2.243779956054687552e-01
2.244672529296874997e-01
2.245565102539062441e-01
2.246457675781250163e-01
2.247350249023437607e-01
2.248242822265625052e-01
2.249135395507812496e-01
2.250027968749999940e-01
2.250920541992187662e-01
2.251813115234375107e-01
2.252705688476562551e-01
2.253598261718749995e-01
2.254490834960937440e-01
2.255383408203125162e-01
2.256275981445312606e-01
2.257168554687500051e-01
2.258061127929687495e-01
2.258953701171874939e-01
2.259846274414062661e-01
2.260738847656250106e-01
2.261631420898437550e-01
2.262523994140624994e-01
2.263416567382812439e-01
2.264309140625000161e-01
2.265201713867187605e-01
2.266094287109375049e-01
2.266986860351562494e-01
2.267879433593749938e-01
2.268772006835937660e-01
2.269664580078125105e-01
2.270557153320312549e-01
2.271449726562499993e-01
2.272342299804687438e-01
2.273234873046874882e-01
2.274127446289062604e-01
2.275020019531250048e-01
2.275912592773437493e-01
2.276805166015624937e-01
2.277697739257812382e-01
2.278590312500000103e-01
2.279482885742187548e-01
2.280375458984374992e-01
2.281268032226562437e-01
2.282160605468749881e-01
2.283053178710937603e-01
2.283945751953125047e-01
2.284838325195312492e-01
2.285730898437499936e-01
2.286623471679687380e-01
2.287516044921875102e-01
2.288408618164062547e-01
2.289301191406249991e-01
2.290193764648437436e-01
2.291086337890624880e-01
2.291978911132812602e-01
2.292871484375000046e-01
2.293764057617187491e-01
2.294656630859374935e-01
2.295549204101562379e-01
2.296441777343750101e-01
2.297334350585937546e-01
2.298226923828124990e-01
2.299119497070312435e-01
2.300012070312499879e-01
2.300904643554687601e-01
2.301797216796875045e-01
2.302689790039062490e-01
2.303582363281249934e-01
2.304474936523437378e-01
2.305367509765625100e-01
2.306260083007812545e-01
2.307152656249999989e-01
2.308045229492187433e-01
2.308937802734374878e-01
2.309830375976562600e-01
2.310722949218750044e-01
2.311615522460937489e-01
2.312508095703124933e-01
2.313400668945312377e-01
2.314293242187500099e-01
2.315185815429687544e-01
2.316078388671874988e-01
2.316970961914062432e-01
2.317863535156249877e-01
2.318756108398437599e-01
2.319648681640625043e-01
2.320541254882812487e-01
2.321433828124999932e-01
2.322326401367187376e-01
2.323218974609375098e-01
2.324111547851562543e-01
2.325004121093749987e-01
2.325896694335937431e-01
2.326789267578124876e-01
2.327681840820312598e-01
2.328574414062500042e-01
2.329466987304687486e-01
2.330359560546874931e-01
2.331252133789062375e-01
2.332144707031250097e-01
2.333037280273437541e-01
2.333929853515624986e-01
2.334822426757812430e-01
2.335714999999999875e-01
2.336607573242187597e-01
2.337500146484375041e-01
2.338392719726562485e-01
2.339285292968749930e-01
2.340177866210937374e-01
2.341070439453125096e-01
2.341963012695312540e-01
2.342855585937499985e-01
2.343748159179687429e-01
2.344640732421874874e-01
2.345533305664062595e-01
2.346425878906250040e-01
2.347318452148437484e-01
2.348211025390624929e-01
2.349103598632812373e-01
2.349996171875000095e-01
2.350888745117187539e-01
2.351781318359374984e-01
2.352673891601562428e-01
2.353566464843749872e-01
2.354459038085937594e-01
2.355351611328125039e-01
2.356244184570312483e-01
2.357136757812499928e-01
2.358029331054687372e-01
2.358921904296875094e-01
2.359814477539062538e-01
2.360707050781249983e-01
2.361599624023437427e-01
2.362492197265624871e-01
2.363384770507812593e-01
2.364277343750000038e-01
2.365169916992187482e-01
2.366062490234374927e-01
2.366955063476562371e-01
2.367847636718750093e-01
2.368740209960937537e-01
2.369632783203124982e-01
2.370525356445312426e-01
2.371417929687499870e-01
2.372310502929687592e-01
2.373203076171875037e-01
2.374095649414062481e-01
2.374988222656249925e-01
2.375880795898437370e-01
2.376773369140625092e-01
2.377665942382812536e-01
2.378558515624999981e-01
2.379451088867187425e-01
2.380343662109374869e-01
2.381236235351562591e-01
2.382128808593750036e-01
2.383021381835937480e-01
2.383913955078124924e-01
2.384806528320312369e-01
2.385699101562500091e-01
2.386591674804687535e-01
2.387484248046874979e-01
2.388376821289062424e-01
2.389269394531249868e-01
2.390161967773437590e-01
2.391054541015625035e-01
2.391947114257812479e-01
2.392839687499999923e-01
2.393732260742187368e-01
2.394624833984375090e-01
2.395517407226562534e-01
2.396409980468749978e-01
2.397302553710937423e-01
2.398195126953124867e-01
2.399087700195312589e-01
2.399980273437500033e-01
2.400872846679687478e-01
2.401765419921874922e-01
2.402657993164062367e-01
2.403550566406250089e-01
2.404443139648437533e-01
2.405335712890624977e-01
2.406228286132812422e-01
2.407120859374999866e-01
2.408013432617187588e-01
2.408906005859375032e-01
2.409798579101562477e-01
2.410691152343749921e-01
2.411583725585937366e-01
2.412476298828125088e-01
2.413368872070312532e-01
2.414261445312499976e-01
2.415154018554687421e-01
2.416046591796874865e-01
2.416939165039062587e-01
2.417831738281250031e-01
2.418724311523437476e-01
2.419616884765624920e-01
2.420509458007812364e-01
2.421402031250000086e-01
2.422294604492187531e-01
2.423187177734374975e-01
2.424079750976562420e-01
2.424972324218749864e-01
2.425864897460937586e-01
2.426757470703125030e-01
2.427650043945312475e-01
2.428542617187499919e-01
2.429435190429687363e-01
2.430327763671875085e-01
2.431220336914062530e-01
2.432112910156249974e-01
2.433005483398437419e-01
2.433898056640624863e-01
2.434790629882812585e-01
2.435683203125000029e-01
2.436575776367187474e-01
2.437468339843749943e-01
2.438360869140624998e-01
2.439253398437500053e-01
2.440145927734375109e-01
2.441038457031249886e-01
2.441930986328124942e-01
2.442823515624999997e-01
2.443716044921875052e-01
2.444608574218750108e-01
2.445501103515624886e-01
2.446393632812499941e-01
2.447286162109374996e-01
2.448178691406250052e-01
2.449071220703125107e-01
2.449963749999999885e-01
2.450856279296874940e-01
2.451748808593749995e-01
2.452641337890625051e-01
2.453533867187500106e-01
2.454426396484374884e-01
2.455318925781249939e-01
2.456211455078124994e-01
2.457103984375000050e-01
2.457996513671875105e-01
2.458889042968749883e-01
2.459781572265624938e-01
2.460674101562499994e-01
2.461566630859375049e-01
2.462459160156250104e-01
2.463351689453124882e-01
2.464244218749999937e-01
2.465136748046874993e-01
2.466029277343750048e-01
2.466921806640625103e-01
2.467814335937500159e-01
2.468706865234374936e-01
2.469599394531249992e-01
2.470491923828125047e-01
2.471384453125000102e-01
2.472276982421875158e-01
2.473169511718749936e-01
2.474062041015624991e-01
2.474954570312500046e-01
2.475847099609375102e-01
2.476739628906250157e-01
2.477632158203124935e-01
2.478524687499999990e-01
2.479417216796875045e-01
2.480309746093750101e-01
2.481202275390625156e-01
2.482094804687499934e-01
2.482987333984374989e-01
2.483879863281250044e-01
2.484772392578125100e-01
2.485664921875000155e-01
2.486557451171874933e-01
2.487449980468749988e-01
2.488342509765625044e-01
2.489235039062500099e-01
2.490127568359375154e-01
2.491020097656249932e-01
2.491912626953124987e-01
2.492805156250000043e-01
2.493697685546875098e-01
2.494590214843750153e-01
2.495482744140624931e-01
2.496375273437499986e-01
2.497267802734375042e-01
2.498160332031250097e-01
2.499052861328125152e-01
2.499945390624999930e-01
2.500837919921874986e-01
2.501730449218750318e-01
2.502622978515625096e-01
2.503515507812499874e-01
2.504408037109375207e-01
2.505300566406249985e-01
2.506193095703125318e-01
2.507085625000000095e-01
2.507978154296874873e-01
2.508870683593750206e-01
2.509763212890624984e-01
2.510655742187500317e-01
2.511548271484375094e-01
2.512440800781249872e-01
2.513333330078125205e-01
2.514225859374999983e-01
2.515118388671875316e-01
2.516010917968750094e-01
2.516903447265624871e-01
2.517795976562500204e-01
2.518688505859374982e-01
2.519581035156250315e-01
2.520473564453125093e-01
2.521366093749999870e-01
2.522258623046875203e-01
2.523151152343749981e-01
2.524043681640625314e-01
2.524936210937500092e-01
2.525828740234374870e-01
2.526721269531250202e-01
2.527613798828124980e-01
2.528506328125000313e-01
2.529398857421875091e-01
2.530291386718749869e-01
2.531183916015625202e-01
2.532076445312499979e-01
2.532968974609375312e-01
2.533861503906250090e-01
2.534754033203124868e-01
2.535646562500000201e-01
2.536539091796874978e-01
2.537431621093750311e-01
2.538324150390625089e-01
2.539216679687499867e-01
2.540109208984375200e-01
2.541001738281249978e-01
2.541894267578125310e-01
2.542786796875000088e-01
2.543679326171874866e-01
2.544571855468750199e-01
2.545464384765624977e-01
2.546356914062500310e-01
2.547249443359375087e-01
2.548141972656249865e-01
2.549034501953125198e-01
2.549927031249999976e-01
2.550819560546875309e-01
2.551712089843750086e-01
2.552604619140624864e-01
2.553497148437500197e-01
2.554389677734374975e-01
2.555282207031250308e-01
2.556174736328125086e-01
2.557067265624999863e-01
2.557959794921875196e-01
2.558852324218749974e-01
2.559744853515625307e-01
2.560637382812500085e-01
2.561529912109374862e-01
2.562422441406250195e-01
2.563314970703124973e-01
2.564207500000000306e-01
2.565100029296875084e-01
2.565992558593750417e-01
2.566885087890625194e-01
2.567777617187499972e-01
2.568670146484375305e-01
2.569562675781250083e-01
2.570455205078124861e-01
2.571347734375000194e-01
2.572240263671874971e-01
2.573132792968750304e-01
2.574025322265625082e-01
2.574917851562500415e-01
2.575810380859375193e-01
2.576702910156249970e-01
2.577595439453125303e-01
2.578487968750000081e-01
2.579380498046875414e-01
2.580273027343750192e-01
2.581165556640624970e-01
2.582058085937500302e-01
2.582950615234375080e-01
2.583843144531250413e-01
2.584735673828125191e-01
2.585628203124999969e-01
2.586520732421875302e-01
2.587413261718750079e-01
2.588305791015625412e-01
2.589198320312500190e-01
2.590090849609374968e-01
2.590983378906250301e-01
2.591875908203125078e-01
2.592768437500000411e-01
2.593660966796875189e-01
2.594553496093749967e-01
2.595446025390625300e-01
2.596338554687500078e-01
2.597231083984375410e-01
2.598123613281250188e-01
2.599016142578124966e-01
2.599908671875000299e-01
2.600801201171875077e-01
2.601693730468750410e-01
2.602586259765625187e-01
2.603478789062499965e-01
2.604371318359375298e-01
2.605263847656250076e-01
2.606156376953125409e-01
2.607048906250000186e-01
2.607941435546874964e-01
2.608833964843750297e-01
2.609726494140625075e-01
2.610619023437500408e-01
2.611511552734375186e-01
2.612404082031249963e-01
2.613296611328125296e-01
2.614189140625000074e-01
2.615081669921875407e-01
2.615974199218750185e-01
2.616866728515624962e-01
2.617759257812500295e-01
2.618651787109375073e-01
2.619544316406250406e-01
2.620436845703125184e-01
2.621329374999999962e-01
2.622221904296875294e-01
2.623114433593750072e-01
2.624006962890625405e-01
2.624899492187500183e-01
2.625792021484374961e-01
2.626684550781250294e-01
2.627577080078125071e-01
2.628469609375000404e-01
2.629362138671875182e-01
2.630254667968749960e-01
2.631147197265625293e-01
2.632039726562500070e-01
2.632932255859375403e-01
2.633824785156250181e-01
2.634717314453124959e-01
2.635609843750000292e-01
2.636502373046875070e-01
2.637394902343750402e-01
2.638287431640625180e-01
2.639179960937499958e-01
2.640072490234375291e-01
2.640689482421875178e-01
2.641168706054687898e-01
2.641647929687500063e-01
2.642127153320312782e-01
2.642606376953124947e-01
2.643085600585937667e-01
2.643564824218750386e-01
2.644044047851562551e-01
2.644523271484375271e-01
2.645002495117187991e-01
2.645481718750000155e-01
2.645960942382812875e-01
2.646440166015625040e-01
2.646919389648437759e-01
2.647398613281250479e-01
2.647877836914062644e-01
2.648357060546875363e-01
2.648836284179687528e-01
2.649315507812500248e-01
2.649794731445312967e-01
2.650273955078125132e-01
2.650753178710937852e-01
2.651232402343750016e-01
2.651711625976562736e-01
2.652190849609375456e-01
2.652670073242187621e-01
2.653149296875000340e-01
2.653628520507812505e-01
2.654107744140625225e-01
2.654586967773437944e-01
2.655066191406250109e-01
2.655545415039062829e-01
2.656024638671874993e-01
2.656503862304687713e-01
2.656983085937500433e-01
2.657462309570312597e-01
2.657941533203125317e-01
2.658420756835937482e-01
2.658899980468750202e-01
2.659379204101562921e-01
2.659858427734375086e-01
2.660337651367187806e-01
2.660816874999999970e-01
2.661296098632812690e-01
2.661775322265625410e-01
2.662254545898437574e-01
2.662733769531250294e-01
2.663212993164062459e-01
2.663692216796875178e-01
2.664171440429687898e-01
2.664650664062500063e-01
2.665129887695312783e-01
2.665609111328124947e-01
2.666088334960937667e-01
2.666567558593750387e-01
2.667046782226562551e-01
2.667526005859375271e-01
2.668005229492187436e-01
2.668484453125000155e-01
2.668963676757812875e-01
2.669442900390625040e-01
2.669922124023437759e-01
2.670401347656250479e-01
2.670880571289062644e-01
2.671359794921875364e-01
2.671839018554687528e-01
2.672318242187500248e-01
2.672797465820312968e-01
2.673276689453125132e-01
2.673755913085937852e-01
2.674235136718750017e-01
2.674714360351562736e-01
2.675193583984375456e-01
2.675672807617187621e-01
2.676152031250000340e-01
2.676631254882812505e-01
2.677110478515625225e-01
2.677589702148437945e-01
2.678068925781250109e-01
2.678548149414062829e-01
2.679027373046874994e-01
2.679506596679687713e-01
2.679985820312500433e-01
2.680465043945312598e-01
2.680944267578125317e-01
2.681423491210937482e-01
2.681902714843750202e-01
2.682381938476562921e-01
2.682861162109375086e-01
2.683340385742187806e-01
2.683819609374999970e-01
2.684298833007812690e-01
2.684778056640625410e-01
2.685257280273437575e-01
2.685736503906250294e-01
2.686215727539062459e-01
2.686694951171875179e-01
2.687174174804687898e-01
2.687653398437500063e-01
2.688132622070312783e-01
2.688611845703124947e-01
2.689091069335937667e-01
2.689570292968750387e-01
2.690049516601562551e-01
2.690528740234375271e-01
2.691007963867187436e-01
2.691487187500000156e-01
2.691966411132812875e-01
2.692445634765625040e-01
2.692924858398437760e-01
2.693404082031250479e-01
2.693883305664062644e-01
2.694362529296875364e-01
2.694841752929687528e-01
2.695320976562500248e-01
2.695800200195312968e-01
2.696279423828125132e-01
2.696758647460937852e-01
2.697237871093750017e-01
2.697717094726562737e-01
2.698196318359375456e-01
2.698675541992187621e-01
2.699154765625000341e-01
2.699633989257812505e-01
2.700113212890625225e-01
2.700592436523437945e-01
2.701071660156250109e-01
2.701550883789062829e-01
2.702030107421874994e-01
2.702509331054687713e-01
2.702988554687500433e-01
2.703467778320312598e-01
2.703947001953125318e-01
2.704426225585937482e-01
2.704905449218750202e-01
2.705384672851562922e-01
2.705863896484375086e-01
2.706343120117187806e-01
2.706822343749999971e-01
2.707301567382812690e-01
2.707780791015625410e-01
2.708260014648437575e-01
2.708739238281250294e-01
2.709218461914062459e-01
2.709697685546875179e-01
2.710176909179687899e-01
2.710656132812500063e-01
2.711135356445312783e-01
2.711614580078124948e-01
2.712093803710937667e-01
2.712573027343750387e-01
2.713052250976562552e-01
2.713531474609375271e-01
2.714010698242187436e-01
2.714489921875000156e-01
2.714969145507812875e-01
2.715448369140625040e-01
2.715927592773437760e-01
2.716406816406250480e-01
2.716886040039062644e-01
2.717365263671875364e-01
2.717844487304687529e-01
2.718323710937500248e-01
2.718802934570312968e-01
2.719282158203125133e-01
2.719761381835937852e-01
2.720240605468750017e-01
2.720719829101562737e-01
2.721199052734375456e-01
2.721678276367187621e-01
2.722157500000000341e-01
2.722636723632812505e-01
2.723115947265625225e-01
2.723595170898437945e-01
2.724074394531250110e-01
2.724553618164062829e-01
2.725032841796874994e-01
2.725512065429687714e-01
2.725991289062500433e-01
2.726470512695312598e-01
2.726949736328125318e-01
2.727428959960937482e-01
2.727908183593750202e-01
2.728387407226562922e-01
2.728866630859375086e-01
2.729345854492187806e-01
2.729825078124999971e-01
2.730304301757812691e-01
2.730783525390625410e-01
2.731262749023437575e-01
2.731741972656250295e-01
2.732221196289062459e-01
2.732700419921875179e-01
2.733179643554687899e-01
2.733658867187500063e-01
2.734138090820312783e-01
2.734617314453124948e-01
2.735096538085937667e-01
2.735575761718750387e-01
2.736054985351562552e-01
2.736534208984375272e-01
2.737013432617187436e-01
2.737492656250000156e-01
2.737971879882812876e-01
2.738451103515625040e-01
2.738930327148437760e-01
2.739409550781249925e-01
2.739888774414062644e-01
2.740367998046875364e-01
2.740847221679687529e-01
2.741326445312500248e-01
2.741805668945312968e-01
2.742284892578125133e-01
2.742764116210937853e-01
2.743243339843750017e-01
2.743722563476562737e-01
2.744201787109375457e-01
2.744681010742187621e-01
2.745160234375000341e-01
2.745639458007812506e-01
2.746118681640625225e-01
2.746597905273437945e-01
2.747077128906250110e-01
2.747556352539062829e-01
2.748035576171874994e-01
2.748514799804687714e-01
2.748994023437500434e-01
2.749479213867187521e-01
2.750012138671875106e-01
2.750545063476562690e-01
2.751077988281250275e-01
2.751610913085937860e-01
2.752143837890625444e-01
2.752676762695312473e-01
2.753209687500000058e-01
2.753742612304687642e-01
2.754275537109375227e-01
2.754808461914062812e-01
2.755341386718750396e-01
2.755874311523437425e-01
2.756407236328125010e-01
2.756940161132812595e-01
2.757473085937500179e-01
2.758006010742187764e-01
2.758538935546875348e-01
2.759071860351562933e-01
2.759604785156249962e-01
2.760137709960937547e-01
2.760670634765625131e-01
2.761203559570312716e-01
2.761736484375000300e-01
2.762269409179687885e-01
2.762802333984375469e-01
2.763335258789062499e-01
2.763868183593750083e-01
2.764401108398437668e-01
2.764934033203125252e-01
2.765466958007812837e-01
2.765999882812500421e-01
2.766532807617187451e-01
2.767065732421875035e-01
2.767598657226562620e-01
2.768131582031250204e-01
2.768664506835937789e-01
2.769197431640625373e-01
2.769730356445312958e-01
2.770263281249999987e-01
2.770796206054687572e-01
2.771329130859375156e-01
2.771862055664062741e-01
2.772394980468750325e-01
2.772927905273437910e-01
2.773460830078124939e-01
2.773993754882812524e-01
2.774526679687500108e-01
2.775059604492187693e-01
2.775592529296875277e-01
2.776125454101562862e-01
2.776658378906250446e-01
2.777191303710937476e-01
2.777724228515625060e-01
2.778257153320312645e-01
2.778790078125000229e-01
2.779323002929687814e-01
2.779855927734375398e-01
2.780388852539062428e-01
2.780921777343750012e-01
2.781454702148437597e-01
2.781987626953125181e-01
2.782520551757812766e-01
2.783053476562500350e-01
2.783586401367187935e-01
2.784119326171874964e-01
2.784652250976562549e-01
2.785185175781250133e-01
2.785718100585937718e-01
2.786251025390625302e-01
2.786783950195312887e-01
2.787316874999999916e-01
2.787849799804687501e-01
2.788382724609375085e-01
2.788915649414062670e-01
2.789448574218750254e-01
2.789981499023437839e-01
2.790514423828125423e-01
2.791047348632812453e-01
2.791580273437500037e-01
2.792113198242187622e-01
2.792646123046875206e-01
2.793179047851562791e-01
2.793711972656250375e-01
2.794244897460937960e-01
2.794777822265624989e-01
2.795310747070312574e-01
2.795843671875000158e-01
2.796376596679687743e-01
2.796909521484375327e-01
2.797442446289062912e-01
2.797975371093749941e-01
2.798508295898437526e-01
2.799041220703125110e-01
2.799574145507812695e-01
2.800107070312500279e-01
2.800639995117187864e-01
2.801172919921875448e-01
2.801705844726562478e-01
2.802238769531250062e-01
2.802771694335937647e-01
2.803304619140625231e-01
2.803837543945312816e-01
2.804370468750000400e-01
2.804903393554687430e-01
2.805436318359375014e-01
2.805969243164062599e-01
2.806502167968750183e-01
2.807035092773437768e-01
2.807568017578125352e-01
2.808100942382812937e-01
2.808633867187499966e-01
2.809166791992187551e-01
2.809699716796875135e-01
2.810232641601562720e-01
2.810765566406250304e-01
2.811298491210937889e-01
2.811831416015624918e-01
2.812364340820312503e-01
2.812897265625000087e-01
2.813430190429687672e-01
2.813963115234375256e-01
2.814496040039062841e-01
2.815028964843750425e-01
2.815561889648437455e-01
2.816094814453125039e-01
2.816627739257812624e-01
2.817160664062500208e-01
2.817693588867187793e-01
2.818226513671875377e-01
2.818759438476562407e-01
2.819292363281249991e-01
2.819825288085937576e-01
2.820358212890625160e-01
2.820891137695312745e-01
2.821424062500000329e-01
2.821956987304687914e-01
2.822489912109374943e-01
2.823022836914062528e-01
2.823555761718750112e-01
2.824088686523437697e-01
2.824621611328125281e-01
2.825154536132812866e-01
2.825687460937500450e-01
2.826220385742187480e-01
2.826753310546875064e-01
2.827286235351562649e-01
2.827819160156250233e-01
2.828352084960937818e-01
2.828885009765625402e-01
2.829417934570312432e-01
2.829950859375000016e-01
2.830483784179687601e-01
2.831016708984375185e-01
2.831549633789062770e-01
2.832082558593750354e-01
2.832615483398437939e-01
2.833148408203124968e-01
2.833681333007812553e-01
2.834214257812500137e-01
2.834747182617187722e-01
2.835280107421875306e-01
2.835813032226562891e-01
2.836345957031249920e-01
2.836878881835937505e-01
2.837411806640625089e-01
2.837944731445312674e-01
2.838477656250000258e-01
2.839010581054687843e-01
2.839543505859375427e-01
2.840076430664062457e-01
2.840609355468750041e-01
2.841142280273437626e-01
2.841675205078125210e-01
2.842208129882812795e-01
2.842741054687500379e-01
2.843273979492187964e-01
2.843806904296874993e-01
2.844339829101562578e-01
2.844872753906250162e-01
2.845405678710937747e-01
2.845938603515625331e-01
2.846471528320312916e-01
2.847004453124999945e-01
2.847537377929687530e-01
2.848070302734375114e-01
2.848603227539062699e-01
2.849136152343750283e-01
2.849669077148437868e-01
2.850202001953124897e-01
2.850734926757812482e-01
2.851267851562500066e-01
2.851800776367187651e-01
2.852333701171875235e-01
2.852866625976562820e-01
2.853399550781250404e-01
2.853932475585937434e-01
2.854465400390625018e-01
2.854998325195312603e-01
2.855531250000000187e-01
2.856064174804687772e-01
2.856597099609375356e-01
2.857130024414062941e-01
2.857662949218749970e-01
2.858195874023437555e-01
2.858728798828125139e-01
2.859261723632812724e-01
2.859794648437500308e-01
2.860327573242187893e-01
2.860860498046874922e-01
2.861393422851562507e-01
2.861926347656250091e-01
2.862459272460937676e-01
2.862992197265625260e-01
2.863525122070312845e-01
2.864058046875000429e-01
2.864590971679687459e-01
2.865123896484375043e-01
2.865656821289062628e-01
2.866189746093750212e-01
2.866722670898437797e-01
2.867255595703125381e-01
2.867788520507812411e-01
2.868321445312499995e-01
2.868854370117187580e-01
2.869387294921875164e-01
2.869920219726562749e-01
2.870453144531250333e-01
2.870905454101562726e-01
2.871293271484375298e-01
2.871681088867187870e-01
2.872068906250000442e-01
2.872456723632812459e-01
2.872844541015625031e-01
2.873232358398437603e-01
2.873620175781250174e-01
2.874007993164062746e-01
2.874395810546875318e-01
2.874783627929687890e-01
2.875171445312499907e-01
2.875559262695312479e-01
2.875947080078125051e-01
2.876334897460937623e-01
2.876722714843750195e-01
2.877110532226562767e-01
2.877498349609375339e-01
2.877886166992187911e-01
2.878273984374999928e-01
2.878661801757812500e-01
2.879049619140625071e-01
2.879437436523437643e-01
2.879825253906250215e-01
2.880213071289062787e-01
2.880600888671875359e-01
2.880988706054687931e-01
2.881376523437499948e-01
2.881764340820312520e-01
2.882152158203125092e-01
2.882539975585937664e-01
2.882927792968750236e-01
2.883315610351562808e-01
2.883703427734375380e-01
2.884091245117187396e-01
2.884479062499999968e-01
2.884866879882812540e-01
2.885254697265625112e-01
2.885642514648437684e-01
2.886030332031250256e-01
2.886418149414062828e-01
2.886805966796875400e-01
2.887193784179687417e-01
2.887581601562499989e-01
2.887969418945312561e-01
2.888357236328125133e-01
2.888745053710937705e-01
2.889132871093750277e-01
2.889520688476562849e-01
2.889908505859374865e-01
2.890296323242187437e-01
2.890684140625000009e-01
2.891071958007812581e-01
2.891459775390625153e-01
2.891847592773437725e-01
2.892235410156250297e-01
2.892623227539062869e-01
2.893011044921874886e-01
2.893398862304687458e-01
2.893786679687500030e-01
2.894174497070312602e-01
2.894562314453125174e-01
2.894950131835937746e-01
2.895337949218750317e-01
2.895725766601562334e-01
2.896113583984374906e-01
2.896501401367187478e-01
2.896889218750000050e-01
2.897277036132812622e-01
2.897664853515625194e-01
2.898052670898437766e-01
2.898440488281250338e-01
2.898828305664062355e-01
2.899216123046874927e-01
2.899603940429687499e-01
2.899991757812500071e-01
2.900379575195312642e-01
2.900767392578125214e-01
2.901155209960937786e-01
2.901543027343750358e-01
2.901930844726562375e-01
2.902318662109374947e-01
2.902706479492187519e-01
2.903094296875000091e-01
2.903482114257812663e-01
2.903869931640625235e-01
2.904257749023437807e-01
2.904645566406249824e-01
2.905033383789062396e-01
2.905421201171874968e-01
2.905809018554687539e-01
2.906196835937500111e-01
2.906584653320312683e-01
2.906972470703125255e-01
2.907360288085937827e-01
2.907748105468749844e-01
2.908135922851562416e-01
2.908523740234374988e-01
2.908911557617187560e-01
2.909299375000000132e-01
2.909687192382812704e-01
2.910075009765625276e-01
2.910462827148437293e-01
2.910850644531249864e-01
2.911238461914062436e-01
2.911626279296875008e-01
2.912014096679687580e-01
2.912401914062500152e-01
2.912789731445312724e-01
2.913177548828125296e-01
2.913565366210937313e-01
2.913953183593749885e-01
2.914341000976562457e-01
2.914728818359375029e-01
2.915116635742187601e-01
2.915504453125000173e-01
2.915892270507812745e-01
2.916280087890624761e-01
2.916667905273437333e-01
2.917055722656249905e-01
2.917443540039062477e-01
2.917831357421875049e-01
2.918219174804687621e-01
2.918606992187500193e-01
2.918994809570312765e-01
2.919382626953124782e-01
2.919770444335937354e-01
2.920158261718749926e-01
2.920546079101562498e-01
2.920933896484375070e-01
2.921321713867187642e-01
2.921709531250000214e-01
2.922097348632812785e-01
2.922485166015624802e-01
2.922872983398437374e-01
2.923260800781249946e-01
2.923648618164062518e-01
2.924036435546875090e-01
2.924424252929687662e-01
2.924812070312500234e-01
2.925199887695312251e-01
2.925587705078124823e-01
2.925975522460937395e-01
2.926363339843749967e-01
2.926751157226562539e-01
2.927138974609375111e-01
2.927526791992187682e-01
2.927914609375000254e-01
2.928302426757812271e-01
2.928690244140624843e-01
2.929078061523437415e-01
2.929465878906249987e-01
2.929853696289062559e-01
2.930241513671875131e-01
2.930629331054687703e-01
2.931017148437500275e-01
2.931404965820312292e-01
2.931792783203124864e-01
2.932180600585937436e-01
2.932568417968750007e-01
2.932956235351562579e-01
2.933344052734375151e-01
2.933731870117187723e-01
2.934119687499999740e-01
2.934507504882812312e-01
2.934895322265624884e-01
2.935283139648437456e-01
2.935670957031250028e-01
2.936058774414062600e-01
2.936446591796875172e-01
2.936834409179687744e-01
2.937222226562499761e-01
2.937610043945312333e-01
2.937997861328124904e-01
2.938385678710937476e-01
2.938773496093750048e-01
2.939161313476562620e-01
2.939549130859375192e-01
2.939936948242187209e-01
2.940324765624999781e-01
2.940712583007812353e-01
2.941100400390624925e-01
2.941488217773437497e-01
2.941876035156250069e-01
2.942263852539062641e-01
2.942651669921875213e-01
2.943039487304687229e-01
2.943427304687499801e-01
2.943815122070312373e-01
2.944202939453124945e-01
2.944590756835937517e-01
2.944978574218750089e-01
2.945366391601562661e-01
2.945754208984374678e-01
2.946142026367187250e-01
2.946529843749999822e-01
2.946917661132812394e-01
2.947305478515624966e-01
2.947693295898437538e-01
2.948081113281250110e-01
2.948468930664062682e-01
2.948856748046874698e-01
2.949244565429687270e-01
2.949632382812499842e-01
2.950020200195312414e-01
2.950408017578124986e-01
2.950795834960937558e-01
2.951183652343750130e-01
2.951571469726562702e-01
2.951959287109374719e-01
2.952347104492187291e-01
2.952734921874999863e-01
2.953122739257812435e-01
2.953510556640625007e-01
2.953898374023437579e-01
2.954286191406250150e-01
2.954674008789062167e-01
2.955061826171874739e-01
2.955449643554687311e-01
2.955837460937499883e-01
2.956225278320312455e-01
2.956613095703125027e-01
2.957000913085937599e-01
2.957388730468750171e-01
2.957776547851562188e-01
2.958164365234374760e-01
2.958552182617187332e-01
