9.496445114634473050e-01
8.888008414522184930e-01
8.820712058629084362e-01
8.978273054421757049e-01
9.181920158875017668e-01
9.271767368918494290e-01
9.272695454667831960e-01
9.285028051285397765e-01
9.065047956481634417e-01
8.678654449566935991e-01
9.505355844667944254e-01
9.285544068042095311e-01
8.989291935637088171e-01
8.960944793291708566e-01
9.515622712274213191e-01
9.541163999850761357e-01
9.679148138833690851e-01
9.912242154068596767e-01
9.948959930517997652e-01
9.793889128496939822e-01
9.557405143527971658e-01
9.637239727431740066e-01
9.875232760999652637e-01
9.861554600357860245e-01
9.786341391373455378e-01
9.505212074618459850e-01
9.720100128432658249e-01
9.930155844752796002e-01
9.701336891850420585e-01
9.389838081469845665e-01
9.418404377083728907e-01
9.634618954547962133e-01
9.069266512717834017e-01
8.562756194351844874e-01
8.749681416153279878e-01
9.248751638855238211e-01
9.653233217245159592e-01
9.043240302869129943e-01
8.760374372148673761e-01
9.491628572667186736e-01
9.272471551080861962e-01
9.026062972474113710e-01
9.480421372127477708e-01
9.394056221674269569e-01
9.327932803093669234e-01
9.550039475769780406e-01
9.054211122168823733e-01
8.927189097340355595e-01
9.553484765449778982e-01
9.078186757291086817e-01
8.817791255858367094e-01
9.501447627887714686e-01
9.884651615063968499e-01
9.824335993665761491e-01
9.344455246109030222e-01
8.676247082514861875e-01
9.328292089690282118e-01
9.781651342635605539e-01
9.692659566011614380e-01
9.362462638234068102e-01
8.661198228963643553e-01
8.850941890436112569e-01
9.004924871429010880e-01
8.322142918198404127e-01
9.009825258786580138e-01
9.702078255668410423e-01
9.684645354712801968e-01
9.653015226208876420e-01
9.775155447170117418e-01
9.560947132103571056e-01
8.888171245103415608e-01
8.273365127928642426e-01
8.176600643031860516e-01
9.198603743533499966e-01
9.513912639087171996e-01
9.616354413361498654e-01
9.760375210102679722e-01
9.692402007124871766e-01
9.546998457854543041e-01
9.411149273097241252e-01
8.631786042504387968e-01
8.553856521852134520e-01
9.231806202195438349e-01
9.607899498997254373e-01
9.511764330375750420e-01
9.210418578810523060e-01
9.538525995500868326e-01
9.863609953986045564e-01
9.764758690134081043e-01
9.556560750020215433e-01
9.251702772485408399e-01
9.596182513092954558e-01
9.909073430972011876e-01
9.960069905716669725e-01
9.869020667970156424e-01
9.702330264498275625e-01
9.733333955936488424e-01
9.845783192249371041e-01
9.679881223684803082e-01
9.449405531210249842e-01
9.434655971017904541e-01
9.769702827084612018e-01
9.845229934518029413e-01
9.753778229510664532e-01
9.763072414665496801e-01
9.814138681462287739e-01
9.753342588122714263e-01
9.735364682342785292e-01
9.661983356051672134e-01
9.618869167934324116e-01
9.600133871906256777e-01
9.733124243246017437e-01
9.594305747918884242e-01
9.461335249494646771e-01
9.672680781940893313e-01
9.617547574437903535e-01
9.644770309128587460e-01
9.805505957409643703e-01
9.855929711301832929e-01
9.651550433077753510e-01
9.476470005646780992e-01
9.722876092327945585e-01
9.892352464777635079e-01
9.881236868628843206e-01
9.804482989227278900e-01
9.653619326996453198e-01
9.603084125515500835e-01
9.365409031997549150e-01
8.757192011059173886e-01
9.147062418687014196e-01
9.423754693458098464e-01
9.025047996891690794e-01
9.104929488102309065e-01
9.297676270628022488e-01
9.194203060391344939e-01
8.731572082689812442e-01
8.550994250560516319e-01
8.464359632008887635e-01
8.239890405832205333e-01
8.524225728126950674e-01
8.800964857123388940e-01
7.970160058800340730e-01
7.400051901812122468e-01
8.663818350118751566e-01
8.199486735232360823e-01
6.132284774858280940e-01
6.804942031693220761e-01
7.850862129556787083e-01
7.077558186488642766e-01
5.969830727054764585e-01
7.073960178961671286e-01
8.118111586976909377e-01
7.576850963988137622e-01
6.114885421888899275e-01
6.291860756550858857e-01
6.555934971837884540e-01
6.602729957583666209e-01
4.861908732925929177e-01
4.076063529185264822e-01
6.860160822168580586e-01
8.832594037367620388e-01
8.135179441600893790e-01
5.631646631685817139e-01
5.606956035969876684e-01
5.106616031112097831e-01
6.874931781762535499e-01
8.415347148965933721e-01
7.282726758450216442e-01
6.528313915758900965e-01
6.135443146722169283e-01
5.261567227945042058e-01
7.175057719458760586e-01
7.892802975476386207e-01
6.508662318754553366e-01
5.814281537485186391e-01
6.336337589856082531e-01
7.973115321222891128e-01
6.960617476039390183e-01
7.891149845206453239e-01
9.129040766964054976e-01
9.289115482469270102e-01
9.389413298368071148e-01
8.873277932204178819e-01
7.990079490570324294e-01
8.222782616013182277e-01
8.700004737040840652e-01
8.848774927210115715e-01
8.149055557947486594e-01
7.311557541772132351e-01
8.390324444947491189e-01
8.888305690821266536e-01
8.068754963003305081e-01
8.322440720984283224e-01
8.492298639404699534e-01
8.651383561576965198e-01
6.646565958049225342e-01
5.055123161221850570e-01
6.784183400438660305e-01
8.796483478415203505e-01
9.271903363997839875e-01
7.467527532903429632e-01
5.522846480839529448e-01
4.727867254109415218e-01
6.317760823279585658e-01
8.004258445661160959e-01
8.786045579272541151e-01
8.681895616850996422e-01
8.479410981337495157e-01
6.804860888133019703e-01
6.866434159988139552e-01
6.884638037446707548e-01
6.040216769296464783e-01
8.019048715023581186e-01
8.545905662268115099e-01
7.904296704077913294e-01
7.617521940342071307e-01
8.646638881124463216e-01
7.859642499014870554e-01
8.107956861830885043e-01
7.910064998927235358e-01
5.689709563584502972e-01
7.032647855684931448e-01
8.893996003693505070e-01
9.166140441542739437e-01
9.409043570074840934e-01
8.300596157367393646e-01
6.246088785175282210e-01
6.735421631442992663e-01
6.579166188812285432e-01
5.481559103547806178e-01
7.115734760584638829e-01
8.563160998804202340e-01
9.087243729750601462e-01
9.311960047694354259e-01
9.072919830500324467e-01
8.638497510948270897e-01
7.412827407941549041e-01
6.795760246828352891e-01
7.105870462553337541e-01
6.875993775090867288e-01
7.840348849992070379e-01
8.004302073972519027e-01
7.899596585165566953e-01
8.858070829928080814e-01
8.906631679971220850e-01
8.072898415686642348e-01
8.456514215743610174e-01
8.575271737583906040e-01
7.514609704500263554e-01
6.621103905726185568e-01
8.133383569445608030e-01
8.828360064951497055e-01
8.716816442774695251e-01
7.469906809885576982e-01
7.180890740211264278e-01
7.654628105151106698e-01
8.985719359019095354e-01
8.523966923081524039e-01
7.288471251502596227e-01
6.952278152313118298e-01
7.860060902914551839e-01
8.430456172866812592e-01
9.213730751887879711e-01
9.494637612155317763e-01
8.979820566712306551e-01
7.423724535575239036e-01
7.626441165426701696e-01
9.130085062733944712e-01
8.782140207931126152e-01
7.110253802689701086e-01
6.688093635455483188e-01
7.638786682974770814e-01
8.445822722092038992e-01
8.339064762889781823e-01
8.545622260792100633e-01
9.185483372944699410e-01
8.506443208074064843e-01
8.083693707697742203e-01
8.841378768733878513e-01
9.189958957485978575e-01
9.374272348356782469e-01
8.839383371418484403e-01
8.940766391905631272e-01
8.504600921929433843e-01
7.930177557611705064e-01
8.370045001178211264e-01
8.383465025155842909e-01
8.957669163505665999e-01
9.631584520315126241e-01
9.772975508949327539e-01
8.928056019995780357e-01
7.617060208046598779e-01
8.337586151405148582e-01
8.962090006322834812e-01
8.598538563798681089e-01
7.848454691159042484e-01
8.843552459873154081e-01
9.526816853435113863e-01
9.417412355217481545e-01
9.340994457100912918e-01
9.369801695202933933e-01
9.200656903559464306e-01
8.457708146058888765e-01
8.331157907719867195e-01
8.977499752124612487e-01
9.231428771956007306e-01
8.900059210851820612e-01
9.326269809994124360e-01
9.895166261214579650e-01
9.925458437687784130e-01
9.485541377582346056e-01
8.893151603646101133e-01
9.469856785732447824e-01
9.793508648339144251e-01
9.816719149645113385e-01
9.810417458200961782e-01
9.689276936186785871e-01
9.741406999052788507e-01
9.823001640639779097e-01
9.649811381586080872e-01
9.182744135098886984e-01
9.398367382021302063e-01
9.862622028519976158e-01
9.821896355292120129e-01
9.701434112287630196e-01
9.832835870897869146e-01
9.515447152531905095e-01
9.251858997431726683e-01
9.780579525615774594e-01
9.852621797382746793e-01
9.404586137108225108e-01
9.281349846430506645e-01
9.675690023891149183e-01
9.678826551768662245e-01
9.604532439652184728e-01
9.430946879782172720e-01
8.749648591727849922e-01
9.062855608988656941e-01
9.648512309110571783e-01
9.237046016633265744e-01
9.146616556931380648e-01
9.597719231853888422e-01
9.185025097418394457e-01
9.389945532974581788e-01
9.364884212396307195e-01
9.206695083226743570e-01
8.989661549303461507e-01
9.398986759461549489e-01
9.222177384199240491e-01
9.210029826399188657e-01
9.633497371979748980e-01
9.827607610162130136e-01
9.896731620796243023e-01
9.713515749279009182e-01
9.611109219177210727e-01
9.609380566624409203e-01
9.489491356498550578e-01
9.260071237608864525e-01
9.517726397231015545e-01
9.786832682961009722e-01
9.730229691669864955e-01
9.413790038561378193e-01
9.192762337703228592e-01
9.552371771601713135e-01
9.809159224327157478e-01
9.521822169416649384e-01
9.263906143239062363e-01
9.565128604995134509e-01
9.894024021806294700e-01
9.931609062499692220e-01
9.922084844214796862e-01
9.837489802038771325e-01
9.784535034021644151e-01
9.806902570239199868e-01
9.874238733164190096e-01
9.796895986193592254e-01
9.656165722234621995e-01
9.535763889259627479e-01
9.815108199558897351e-01
9.855297721672564570e-01
9.791015068176892600e-01
9.919159675491092676e-01
9.955330165824656241e-01
9.951713803101857048e-01
9.894018485085561698e-01
9.819533358010593682e-01
9.861369332093392615e-01
9.792748987766591862e-01
9.787668886458219530e-01
9.930857051188961560e-01
9.968941335818831684e-01
9.964994134974489715e-01
9.978128745236088948e-01
9.989206767579976720e-01
9.988732802450730475e-01
9.967295079197124874e-01
9.936573775347401494e-01
9.921983372990217376e-01
9.919103707646864665e-01
9.890145241634239470e-01
9.954008235094993218e-01
9.973670258463607219e-01
9.990771633308147548e-01
9.996254988052124535e-01
9.993163164258449527e-01
9.992724434415785062e-01
9.991221896402345815e-01
9.986933329398408610e-01
9.965869080486118303e-01
9.955985446953168339e-01
9.935874602163565772e-01
9.943655187990200206e-01
9.986087010026241106e-01
9.992191964739421950e-01
9.984413117824063599e-01
9.977471715918657669e-01
9.988049305463287952e-01
9.993322987695372195e-01
9.992997358910793437e-01
9.992310527711064649e-01
9.984062666036318534e-01
9.991603334506503620e-01
9.971585118910293311e-01
9.931383328566136814e-01
9.963872346508034772e-01
9.989609822169441822e-01
9.993175470301207675e-01
9.992333090998115619e-01
9.996813545828255876e-01
9.993404101683961427e-01
9.992612430084315545e-01
9.998617326963027407e-01
9.999800996459181635e-01
9.997455135072653709e-01
9.993174804990961890e-01
9.993206429867675933e-01
9.986893319336425101e-01
9.990189137645355544e-01
9.997812221863329185e-01
9.999472746988313787e-01
9.997959715634279210e-01
9.990713503859532940e-01
9.991069819847030464e-01
9.997773345013694080e-01
9.998034580570369645e-01
9.990389867698825643e-01
9.983021448235227524e-01
9.994581193188525337e-01
9.997370802276279722e-01
9.991298740638010489e-01
9.994226548370711560e-01
9.995961682250038560e-01
9.992387932183405264e-01
9.980290061538058533e-01
9.989020665848182823e-01
9.990970828429494022e-01
9.983411451128876291e-01
9.993522384118411761e-01
9.999116806028099935e-01
9.999855587814527880e-01
9.997619707771228104e-01
9.988815431372812803e-01
9.987771020696258883e-01
9.971132503734880803e-01
9.924534647022050793e-01
9.951896783813340974e-01
9.969729927731806329e-01
9.972559639419933397e-01
9.990258467506665241e-01
9.998145434047363000e-01
9.999712100218854927e-01
9.999211318544596327e-01
9.993829515139801556e-01
9.973612161922985608e-01
9.978989798368745889e-01
9.983622176902273715e-01
9.989122173947779793e-01
9.997447705994236822e-01
9.994648197127116163e-01
9.994825840934962180e-01
9.983232135364494830e-01
9.978748281929451514e-01
9.994508981377060453e-01
9.993471514055632943e-01
9.995295882420310862e-01
9.993620736415259609e-01
9.993553582152101544e-01
9.994998181350023270e-01
9.990263920628965622e-01
9.994500268143061694e-01
9.994620267849460005e-01
9.981631832658367509e-01
9.973310206526498911e-01
9.989651634114352641e-01
9.993681564472682854e-01
9.988332796070497066e-01
9.967969494336136327e-01
9.970330703912176906e-01
9.949100880881550646e-01
9.953868626146403775e-01
9.979482715311039920e-01
9.981566445127632026e-01
9.982049998909069410e-01
9.994004712232532617e-01
9.994381004915792177e-01
9.993339061608409457e-01
9.995030564099378623e-01
9.996127918572833559e-01
9.995106321573500319e-01
9.988327569731855204e-01
9.975310061545432649e-01
9.977263506689533212e-01
9.996171413794365801e-01
9.998211307989208763e-01
9.997412073900643348e-01
9.992309700097666836e-01
9.995312736313454183e-01
9.999593602607661502e-01
9.999978177414756697e-01
9.999065704703696822e-01
9.992085564205901438e-01
9.987766018687439518e-01
9.992000504215776679e-01
9.995745132630988738e-01
9.999175381588669698e-01
9.992770030756492616e-01
9.978861825257985263e-01
9.991226922061986482e-01
9.999483000402494826e-01
9.999993350253192359e-01
9.999601698452258436e-01
9.995301813453201234e-01
9.990423227559057651e-01
9.995399725588350881e-01
9.992587888413707597e-01
9.989634187000376864e-01
9.997345373662429591e-01
9.999235375060062658e-01
9.999793988488359098e-01
9.998782786345618012e-01
9.997168911553909743e-01
9.998832866080366033e-01
9.992254991205198333e-01
9.960840471087821779e-01
9.969158927811461179e-01
9.996251117710198697e-01
9.999772277312231061e-01
9.997190753962116316e-01
9.991907412412286416e-01
9.995790753660767081e-01
9.999446338066789730e-01
9.999425213665155132e-01
9.998323573699950950e-01
9.992479207703705013e-01
9.983778792236238653e-01
9.994033206775660982e-01
9.999662797772811418e-01
9.999960094403620436e-01
9.997982365032503926e-01
9.984984084890775602e-01
9.984047452188535843e-01
9.995737286494078555e-01
9.989334008933398179e-01
9.972868689446113821e-01
9.953853665961184261e-01
9.979163148535867833e-01
9.998165406982247871e-01
9.999896159695168540e-01
9.999241896587637290e-01
9.998097303408622905e-01
9.995925492419058811e-01
9.996910789287177801e-01
9.994442322614827123e-01
9.994964248882326485e-01
9.996511368990671498e-01
9.994448336953998258e-01
9.998411481865592254e-01
9.999894568746099388e-01
9.998532821601145981e-01
9.990596093658832277e-01
9.982038889334263754e-01
9.984160773045605008e-01
9.996943012026375808e-01
9.999854893614010809e-01
9.998405780216760297e-01
9.991223173306830185e-01
9.991522461307447145e-01
9.997552585117922552e-01
9.999004565043314585e-01
9.997394571490446635e-01
9.998677770012559529e-01
9.998886149827110881e-01
9.998043334264656856e-01
9.999476980533003045e-01
9.999953974407280732e-01
9.999467363593109726e-01
9.998460806149377378e-01
9.998475392120266259e-01
9.994843934979272815e-01
9.995805535211444992e-01
9.999141315610011738e-01
9.999847881303230990e-01
9.999992378950185445e-01
9.999999980844744840e-01
9.999999995841650779e-01
9.999966741369969991e-01
9.999270419585175596e-01
9.997712844440286295e-01
9.998794103871098127e-01
9.999734807644504730e-01
9.999973203742863470e-01
9.999999512952963965e-01
1.000000000000000222e+00
1.000000000000000222e+00
1.000000000000000222e+00
1.000000000000000222e+00
9.999999283093949920e-01
9.999955953188084390e-01
9.999499682339074713e-01
9.998633214015807402e-01
9.999186870836721530e-01
9.999525793180984445e-01
9.998750149251565134e-01
9.998171963105286775e-01
9.998085086329661086e-01
9.998357221896300162e-01
9.998784856315621195e-01
9.999283971780035252e-01
9.999765716824177142e-01
9.999921710094124006e-01
9.999631657766011594e-01
9.999500367060880635e-01
9.999522384549315301e-01
9.999421456372308281e-01
9.999389370955416023e-01
9.999383760156357326e-01
9.999366701288538994e-01
9.999387918553824806e-01
9.999428929122664567e-01
9.999337241169827806e-01
9.999399905371881836e-01
9.999694086005618265e-01
9.999819908547353808e-01
9.999895253061464873e-01
9.999958642986140900e-01
9.999995778008965441e-01
9.999999934226097009e-01
1.000000000000000222e+00
1.000000000000000222e+00
1.000000000000000222e+00
1.000000000000000222e+00
1.000000000000000222e+00
1.000000000000000222e+00
1.000000000000000222e+00
1.000000000000000222e+00
1.000000000000000222e+00
1.000000000000000222e+00
1.000000000000000222e+00
1.000000000000000222e+00
1.000000000000000222e+00
1.000000000000000222e+00
1.000000000000000222e+00
1.000000000000000222e+00
1.000000000000000222e+00
1.000000000000000222e+00
1.000000000000000222e+00
1.000000000000000222e+00
1.000000000000000222e+00
1.000000000000000222e+00
1.000000000000000222e+00
1.000000000000000222e+00
1.000000000000000222e+00
1.000000000000000222e+00
1.000000000000000222e+00
1.000000000000000222e+00
1.000000000000000222e+00
9.999997575151625684e-01
9.999832973124260782e-01
9.998087324458068137e-01
9.994659343867733359e-01
9.993247370451239231e-01
9.993449845385606878e-01
9.994547898946098963e-01
9.996073813175353484e-01
9.997617410973688168e-01
9.998981097977898136e-01
9.999715769154869927e-01
9.999490081005691922e-01
9.998878837648833562e-01
9.998333076345954362e-01
9.997958456380794390e-01
9.997764252539473873e-01
9.997715480914668440e-01
9.997772983851301865e-01
9.997960895640585210e-01
9.998210409909600305e-01
9.998432054932899771e-01
9.998655321514372529e-01
9.998875325695864014e-01
9.999078330440392959e-01
9.999226265861329566e-01
9.999336804740392992e-01
9.999470011860868146e-01
9.999502745245778534e-01
9.999499540183631741e-01
9.999693534001710127e-01
9.999776711150283326e-01
9.999820978636788649e-01
9.999779209151427040e-01
9.999716096074495741e-01
9.999830796749709094e-01
9.999867406547919835e-01
9.999977054569653134e-01
9.999989512317934981e-01
9.999853530808329172e-01
9.999662560225883734e-01
9.999683575570535998e-01
9.999787726131518228e-01
9.999864159549485265e-01
9.999472901075884268e-01
9.999644432716519038e-01
9.999963592956527814e-01
9.999863032408973229e-01
9.998920446529853123e-01
9.998554049312162739e-01
9.999668746374817951e-01
9.999986595659433597e-01
9.999923734835318712e-01
9.999250447395127139e-01
9.998965464715047213e-01
9.999799766608479246e-01
9.999991333362953094e-01
9.999823313283093817e-01
9.998592832125783314e-01
9.998381960409121749e-01
9.999733513109441141e-01
9.999991354119678322e-01
9.999762834376108023e-01
9.996737406215246979e-01
9.992550181452078961e-01
9.995039005362812423e-01
9.994209427296033565e-01
9.996178220185989449e-01
9.995990824742950753e-01
9.993934602879867013e-01
9.995127646965482615e-01
9.995718598530050070e-01
9.995123569972274025e-01
9.994187954826749820e-01
9.987141291107584085e-01
9.983335809651570081e-01
9.988792545302684900e-01
9.990522172948517188e-01
9.993363597719534530e-01
9.993132672388834736e-01
9.990275610656362826e-01
9.994426173573262018e-01
9.994769709501575283e-01
9.995450801300893584e-01
9.995977159443912852e-01
9.989789300430280683e-01
9.993038507213594102e-01
9.989676206679672932e-01
9.975135314678013065e-01
9.974132033771221373e-01
9.980118998441789291e-01
9.986626226076806834e-01
9.988853610458687804e-01
9.989442575966189786e-01
9.994207771699928911e-01
9.988857504471672089e-01
9.972905027264457045e-01
9.983107756040118241e-01
9.988318256276225160e-01
9.980335878290306217e-01
9.977590079280270752e-01
9.993494934312577849e-01
9.995885498282989223e-01
9.995981174839847494e-01
9.996293664093420794e-01
9.995983436552519086e-01
9.992368263564860298e-01
9.984627568558672728e-01
9.981180299783551924e-01
9.975960364509760536e-01
9.967097509945478384e-01
9.977713348182339903e-01
9.981783793247633874e-01
9.988533896981770521e-01
9.996765883485873028e-01
9.998909616372210207e-01
9.999741679039911846e-01
9.998523835052788300e-01
9.992662203701714319e-01
9.950495131370561408e-01
9.879327482916904213e-01
9.932103871435525866e-01
9.988255869336972737e-01
9.996402446353090943e-01
9.995747577341260737e-01
9.997120229951482751e-01
9.998623955613836767e-01
9.991057795739676228e-01
9.981012289761174161e-01
9.993514734189011817e-01
9.996925026110746737e-01
9.979003019586020207e-01
9.898796141120500547e-01
9.821444706911344191e-01
9.941886071165711991e-01
9.990495413506922384e-01
9.977027753106086916e-01
9.968808656791865452e-01
9.985208336350324121e-01
9.998747815349419144e-01
9.999514959068470654e-01
9.993015964821948538e-01
9.979079620248282323e-01
9.973613593477616002e-01
9.954142110342584227e-01
9.842771088224249176e-01
9.874740775318153752e-01
9.945414501650263750e-01
9.958003882337091994e-01
9.962548507536375109e-01
9.889313352019494241e-01
9.887912398369173017e-01
9.957240788639694085e-01
9.951414616088124498e-01
9.980062027964116123e-01
9.994382171745926913e-01
9.995355887764699743e-01
9.999172798170999910e-01
9.997389603885160625e-01
9.937535152822156714e-01
9.756569092774087792e-01
9.807928040599970254e-01
9.937289156594700801e-01
9.945837986827334998e-01
9.945019600981219732e-01
9.919708378837598373e-01
9.958388351909583935e-01
9.984399502693843687e-01
9.955961074840420366e-01
9.953482417300490992e-01
9.966083350564599597e-01
9.844095928252610817e-01
9.581304170364169925e-01
9.499683879986533519e-01
9.840358523002248337e-01
9.961462837849741625e-01
9.906361793085900480e-01
9.869215631087570051e-01
9.962225112087408352e-01
9.963822800056562068e-01
9.949710014648964762e-01
9.985066057351225099e-01
9.966052485647713954e-01
9.927528543933108462e-01
9.963914163494134169e-01
9.914171688092656698e-01
9.824438658466139174e-01
9.828012707970287254e-01
9.882397343150007840e-01
9.971500545047286002e-01
9.900416560417809597e-01
9.672497919978302328e-01
9.649207105574518772e-01
9.843276387350964329e-01
9.965466776903928459e-01
9.981726114756725998e-01
9.987574423573103433e-01
9.994488215632920669e-01
9.984000667630303916e-01
9.979865099375129223e-01
9.929506357326411958e-01
9.532296393387366118e-01
9.241748117427714959e-01
9.618329331701110929e-01
9.915197106792060788e-01
9.902072094830586257e-01
9.921269305623958701e-01
9.893441939109873795e-01
9.940580116959208956e-01
9.938789922869142313e-01
9.865375524470222368e-01
9.710055363246301585e-01
9.570154149012978229e-01
9.786385821001960528e-01
9.937921443307672353e-01
9.906441119652308336e-01
9.621623651248525366e-01
9.449083939294966594e-01
9.622328955870980138e-01
9.800862200217479447e-01
9.945332566128793905e-01
9.991857924232393495e-01
9.982055159209617390e-01
9.942362485472259204e-01
9.795410216319684338e-01
9.588579853253333951e-01
9.492005196170132386e-01
9.745191861791226984e-01
9.860318422041008946e-01
9.771442015082102417e-01
9.641704600295371019e-01
9.682818337464268454e-01
9.767500283185718279e-01
9.457950835443863502e-01
9.119473333142489313e-01
9.421261687340606317e-01
9.751041937446914831e-01
9.727933715986640806e-01
9.606342456078870162e-01
9.576245339719057226e-01
9.341260531863938565e-01
9.678422847119176886e-01
9.894342298033569350e-01
9.675254535653313726e-01
9.285644108302327782e-01
9.308657050650708253e-01
9.552116692826000399e-01
9.399261561814573618e-01
9.511892969601610792e-01
9.398493423845644124e-01
9.464968687116342982e-01
9.594574972175956562e-01
9.768261741855530644e-01
9.806407524246867347e-01
9.339039940645276205e-01
8.905366328774249052e-01
9.248798286763634247e-01
9.558197484238217800e-01
9.673245706422551882e-01
9.795880098104978728e-01
9.472828738441928520e-01
9.352635616898625770e-01
9.486659357337435816e-01
9.140877023344229357e-01
8.908057323948830319e-01
9.070764140055311842e-01
9.290901676952406651e-01
9.797782335551867838e-01
9.839240646879391372e-01
9.762008161728467082e-01
9.641562968955054158e-01
9.318572934708411193e-01
8.949124355788377061e-01
8.991912449304301225e-01
8.946678887055771190e-01
8.915584677089367638e-01
9.401585604564668408e-01
9.479488973843106514e-01
9.399405118743892062e-01
9.585265121910602204e-01
9.508168940790178159e-01
9.675602824251386957e-01
9.632479626250951554e-01
8.779696199814145396e-01
8.585469677806687461e-01
8.957072116707111009e-01
8.883804515343142194e-01
8.294558117840405975e-01
8.565132588097302824e-01
9.619145883547387532e-01
9.585959107259627299e-01
9.200747340423158782e-01
9.210306969723407455e-01
9.197400599807323829e-01
8.228367472005456706e-01
7.194921760084026507e-01
7.409970744286009658e-01
7.835523773375892009e-01
7.441876442049254470e-01
8.280089892443620592e-01
9.187535077165607245e-01
9.438743334783774586e-01
9.223192300866445148e-01
8.321996953498365102e-01
6.232077031687375257e-01
6.631879802795146439e-01
7.711019187795492558e-01
8.368677237052205564e-01
8.284265013147737999e-01
6.706640040096861766e-01
4.394466861938019497e-01
3.999919766233968055e-01
5.575355832998961647e-01
7.098869026373534341e-01
6.041778230194965182e-01
6.335432380891661275e-01
8.665916143193224119e-01
8.891140924693141656e-01
7.511295450538508778e-01
6.447121456161128972e-01
7.883275222395329518e-01
6.585057803560333545e-01
5.193403607399790234e-01
5.045319457159476162e-01
6.014253576248038691e-01
8.011628656970900542e-01
7.136538961627707511e-01
6.264196625166156274e-01
5.379579932669379394e-01
7.230485687586007959e-01
8.544285495417911491e-01
8.663108716908658469e-01
6.651369684428519724e-01
6.377228662460165953e-01
7.372786446646291125e-01
4.736433930553138327e-01
4.239094323638885609e-01
3.852682192997861632e-01
3.301208428888180446e-01
4.322976460256711673e-01
7.279206684631801538e-01
8.775431981506975898e-01
6.882310708602390470e-01
3.258816350574311738e-01
4.698834719709898966e-01
8.038822471923009472e-01
7.791259768890054227e-01
7.830103818111323610e-01
8.549389521532987368e-01
7.680245911806459214e-01
5.577395616768481279e-01
2.491596333508409311e-01
2.362310971971451901e-01
5.456841082986437774e-01
5.994298271076615725e-01
5.208799862328054031e-01
7.099990877905590914e-01
7.694442728917773033e-01
8.177277135304739097e-01
7.489579473618879213e-01
5.558983170341775804e-01
5.570485729527611118e-01
4.425919901955519542e-01
6.476675769041270181e-01
7.580454024177161187e-01
6.163772151603218452e-01
6.960542414421188040e-01
6.071623989015396683e-01
6.322433460197121047e-01
6.751943370378334919e-01
5.206052549289515996e-01
4.360688725765962670e-01
5.722390984755261201e-01
6.136883256275044163e-01
8.187335003214847307e-01
8.913295428731993209e-01
8.725323764865742238e-01
9.151696874033056206e-01
8.690623009948594824e-01
8.132572428372880635e-01
9.020349040653323769e-01
8.690844041252834273e-01
7.960442350954679558e-01
6.783272798412570692e-01
7.863338693660094636e-01
8.320359704173974080e-01
7.038249681528933044e-01
5.470364764456012718e-01
4.300133965706816608e-01
5.204105921682674607e-01
5.110288126516694396e-01
4.272513035281545468e-01
3.596791436535907160e-01
1.080070749699064137e-01
1.111433060975124398e-01
2.568663864632776406e-01
4.689272730952582791e-01
7.672750912282216840e-01
7.662654224590766949e-01
4.654590123691312309e-01
5.004930030315298817e-01
7.931147550675851088e-01
8.842560811456725567e-01
9.024083371000669596e-01
9.328923430632136693e-01
8.972511472386358600e-01
7.246157558986293656e-01
6.965972341312629545e-01
8.841376810733930780e-01
8.774375448350387741e-01
6.647152371120589320e-01
6.074707025941038507e-01
8.498171318940089813e-01
9.587698434715209439e-01
9.738727547654320027e-01
9.483680686766164936e-01
8.072731148202455520e-01
6.211574923750671218e-01
7.706732776505392790e-01
9.316585731377301505e-01
8.700506569455360717e-01
6.142869972201060458e-01
6.758145090293524726e-01
8.218744707746651335e-01
6.714995850995223448e-01
7.639048807645385519e-01
8.690745989716996966e-01
7.426154381064636878e-01
7.985660703010780681e-01
8.945562834403223418e-01
8.626675216849865047e-01
8.740816756853434510e-01
9.409654328635823628e-01
9.234261125618075106e-01
7.252476912638492479e-01
6.598409543224944551e-01
6.403470872553723714e-01
4.598220812215476072e-01
6.628983696623139688e-01
7.520504352252144198e-01
6.319511002316962056e-01
7.152809468819938399e-01
6.185661212316008184e-01
7.145869047492130477e-01
6.911915822190425329e-01
7.384631630562903393e-01
7.373861957969339853e-01
5.335916696606805010e-01
5.003555318306471822e-01
5.969331053013718913e-01
5.720401298013944036e-01
5.129792138288196135e-01
5.545195408356563549e-01
8.186683733587718503e-01
9.354347088389318721e-01
9.516433086293872856e-01
8.658235261750847345e-01
6.424769360389099848e-01
6.626527531173972418e-01
8.847647986829941802e-01
8.568328250952383929e-01
5.938481255194140163e-01
4.507688992870385603e-01
5.987348327640574785e-01
8.030141413521464377e-01
8.881260147230994884e-01
8.151752596421162345e-01
7.612299811929529314e-01
7.642530215598951626e-01
7.371558450021341580e-01
8.989947625996463909e-01
8.446527481151984151e-01
6.591638299923952005e-01
7.768121707581587820e-01
6.989718931258452894e-01
4.617200061372460085e-01
7.334196551892773197e-01
9.351343021111592213e-01
9.104696788498634064e-01
8.071895513079992979e-01
7.209639818003203970e-01
6.852907540563348832e-01
6.982498265291597894e-01
7.210319528719529858e-01
8.624252015594939813e-01
8.647986547572573679e-01
8.585468972446903546e-01
8.802443944684854582e-01
8.013715294106057430e-01
6.760684850512639343e-01
8.242732145374124242e-01
9.237252147007517511e-01
8.409801536025095503e-01
8.497327289761222868e-01
9.385879765402016517e-01
9.140034975374775605e-01
8.602957306945351323e-01
8.724982726295391622e-01
7.666081488058510418e-01
7.760327908275472808e-01
9.258923685628585032e-01
9.118671565866202089e-01
9.160215201000044827e-01
8.384866286383708678e-01
7.821192878403283588e-01
9.131510484384192106e-01
9.117320417647349906e-01
8.711458672451222185e-01
9.097423550192128561e-01
8.548163611204215862e-01
7.690297066067934839e-01
8.522512166679365730e-01
8.961822149360663126e-01
9.444369314786756897e-01
9.231687295204650257e-01
8.912954324803582518e-01
9.247506690708642285e-01
9.566066490498223995e-01
9.079750271514694937e-01
8.393547262340614878e-01
9.136446553405346283e-01
9.774962632650789907e-01
9.897998617637313590e-01
9.789287417825934812e-01
9.494466921973765405e-01
9.075578471943831493e-01
9.246920985277200522e-01
9.637493840716320204e-01
9.746710548258005202e-01
9.768404164400328327e-01
9.573586486327246847e-01
9.156888911044060997e-01
8.856629074266759716e-01
9.241294807055085991e-01
9.065485892091623699e-01
8.654673221890426538e-01
9.268725433797280200e-01
9.649459424758561887e-01
9.475975722320230110e-01
9.092842662518524355e-01
9.356038147687190110e-01
9.477772025320930771e-01
9.728799067401981970e-01
9.601751212829297000e-01
9.458014966293767367e-01
9.684382829372090162e-01
9.356150673167860088e-01
9.271460583491010210e-01
9.669321585005192787e-01
9.782910380599063593e-01
9.698331054433304566e-01
9.397832136708529349e-01
9.609278581927177543e-01
9.887593668906651256e-01
9.789560245427173513e-01
9.533941091054557448e-01
9.433885660174760046e-01
9.597086422204431644e-01
9.503905716673519688e-01
9.457819493531502975e-01
9.822405654594843494e-01
9.893105723206711000e-01
9.698389403685115928e-01
9.684505934868948840e-01
9.458360254858683147e-01
9.438446406023901503e-01
9.718133687705110546e-01
9.535855869339298074e-01
9.575702584825125374e-01
9.733435725079004897e-01
9.462701165811517878e-01
8.914312945170992375e-01
8.351872065227721187e-01
8.561949294014461476e-01
9.422442740862474464e-01
9.869324854311350981e-01
9.837155098850391965e-01
9.749839045074761845e-01
9.219024762274296014e-01
9.233412060513973563e-01
9.756416932899677485e-01
9.949785139105450371e-01
9.988330830331890731e-01
9.953115371629481789e-01
9.873884404787078850e-01
9.926770862031165654e-01
9.902813830799229722e-01
9.576968478188252476e-01
8.722037326039701055e-01
8.323069436473129468e-01
9.198457912689489424e-01
9.649445297038912184e-01
9.305786253248137241e-01
9.628421089945321532e-01
9.927121743553314337e-01
9.978207443211242200e-01
9.824763261755071753e-01
9.167398513603638444e-01
9.038618285521715645e-01
9.557303973095924166e-01
9.873023638783404721e-01
9.920936528247831232e-01
9.898465957761235501e-01
9.760597133306517792e-01
9.735401874857941840e-01
9.561308400914392269e-01
9.434390128992958813e-01
8.684837935028310030e-01
7.837659485913153201e-01
8.311181566408007981e-01
9.119608576676782041e-01
9.528818242417087525e-01
9.645555557772815813e-01
9.859142056456299263e-01
9.925936374652519767e-01
9.903775488604658062e-01
9.759746030477537415e-01
9.712654204574759920e-01
9.495631510582304147e-01
8.883624988208094209e-01
9.300504662966749825e-01
9.136276178656337343e-01
8.837895339010816143e-01
9.403536936452291384e-01
9.860004612575083982e-01
9.899115317268509795e-01
9.811887790637754403e-01
9.840002129587668289e-01
9.824803620996335196e-01
9.660242850068003762e-01
9.695105108090131818e-01
9.656216162299815498e-01
9.792384297185490194e-01
9.544326088796066809e-01
8.691710198574282842e-01
9.057163556990908138e-01
9.041665724219420941e-01
8.693167670944663694e-01
9.044253348299812201e-01
9.665094291236349111e-01
9.789882432063954365e-01
9.388426918919768882e-01
9.551912471383092740e-01
9.908294879922795451e-01
9.904633378123743892e-01
9.791573879221741050e-01
9.521099192926166799e-01
9.681437570812254645e-01
9.641729316585393450e-01
9.515933505979947693e-01
9.641594588990454184e-01
9.808182551754686118e-01
9.869112110397367799e-01
9.598321968635239454e-01
9.686263132387775698e-01
9.937795849639006196e-01
9.931223965758485539e-01
9.849277601509393021e-01
9.880448083927910741e-01
9.853982242448926510e-01
9.383836493434413173e-01
9.115937052572645749e-01
9.696113205465121121e-01
9.951081336041629477e-01
9.920860778441458194e-01
9.770180694460962600e-01
9.804216844071020898e-01
9.801310460323299223e-01
9.555753317693683746e-01
9.684215773670726835e-01
9.570098860242547412e-01
9.555893196977990334e-01
9.772794487750150472e-01
9.756331600651030334e-01
9.639141106147499638e-01
9.848931674788068413e-01
9.900153271408345113e-01
9.877454611650152705e-01
9.782216216915043949e-01
9.286071081908319202e-01
9.389181699392800118e-01
9.900474204251855648e-01
9.948152840101270877e-01
9.777156883532389653e-01
9.381338070176210575e-01
9.001504168769908221e-01
9.090510128970366033e-01
9.370750547811905751e-01
9.791752761687070317e-01
9.730303631699483979e-01
9.779410458457580280e-01
9.667410992450568008e-01
9.709643103145699783e-01
9.729344667610881903e-01
9.528649449403866489e-01
9.654887300799180894e-01
9.662425914092710455e-01
9.635978256446776635e-01
9.410178072200716670e-01
9.091395664564868584e-01
9.735432900052181093e-01
9.936890309327283122e-01
9.799970918325304758e-01
9.801674412523017077e-01
9.805237557407604498e-01
9.687349294916228759e-01
9.437190655957612417e-01
8.450196804967129438e-01
8.156901805955034668e-01
9.224597186539658100e-01
9.699209693968086077e-01
9.806561504181137146e-01
9.726968991635802642e-01
9.155842449203556166e-01
9.309563478692950422e-01
9.836170471399726667e-01
9.939502585030479676e-01
9.948770928774731681e-01
9.918078853597143141e-01
9.802531286641493757e-01
9.591288401251998330e-01
9.749594565836113835e-01
9.650876243052007863e-01
9.573951125859894162e-01
9.513990040364086465e-01
9.707266124647575545e-01
9.823557245853180575e-01
9.471296153104946658e-01
9.490873049836678899e-01
9.788403446991778001e-01
9.870110172644004365e-01
9.679987234866443968e-01
9.266678589622446838e-01
9.643113211353848691e-01
9.882981951029774503e-01
9.655982252400997501e-01
9.496238514538360986e-01
9.854941973491437857e-01
9.965064963093819284e-01
9.971512258958573627e-01
9.917904763082079356e-01
9.608023722620869789e-01
9.173726475686539983e-01
9.546942535243476691e-01
9.731456951902197616e-01
9.742902126935658602e-01
9.630924171435479852e-01
9.567139790164969071e-01
9.818714124289698031e-01
9.889655971905438880e-01
9.875994439268552805e-01
9.952179927152337013e-01
9.954092878817141221e-01
9.793554322582337379e-01
9.622046033944345877e-01
9.608402902108518218e-01
9.691928303125605382e-01
9.718925094571562173e-01
9.583550396787361425e-01
9.706670112368697145e-01
9.737114722951167867e-01
9.725145476111317633e-01
9.935920710598653560e-01
9.984518384263600943e-01
9.918517155706860766e-01
9.852657783796271440e-01
9.776946379325651693e-01
9.619811651289893462e-01
9.816426198800866088e-01
9.976738511942582210e-01
9.991914336744591729e-01
9.924757630888333404e-01
9.768420598508518182e-01
9.780867809864447482e-01
9.874566349648334906e-01
9.878460280009907502e-01
9.803482232117122219e-01
9.708361033085491920e-01
9.698872306265010623e-01
9.793169478547112394e-01
9.873141996813961097e-01
9.859445885074982208e-01
9.827978707881466214e-01
9.760069911586068958e-01
9.908018379519296648e-01
9.969130318886995079e-01
9.969211171765914870e-01
9.886960206954760189e-01
9.723783249041325627e-01
9.616881720449618198e-01
9.705069717256344930e-01
9.910911714878957168e-01
9.899431235378296501e-01
9.702305747194640562e-01
9.749543299757008619e-01
9.876763294681288885e-01
9.898230849179453505e-01
9.843281187163358537e-01
9.704800106473139287e-01
9.818319189325366292e-01
9.901901594821940211e-01
9.847914049762865885e-01
9.890047626887942256e-01
9.957685925570428642e-01
9.942401461152921005e-01
9.885676514397329084e-01
9.819233186969786864e-01
9.920604168849935789e-01
9.958215395245546553e-01
9.906404060532458811e-01
9.947589231638221952e-01
9.942158419732529673e-01
9.861562116097316588e-01
9.723315882854457470e-01
9.737115099715930588e-01
9.878126603524935989e-01
9.928934415433652294e-01
9.948094243563935235e-01
9.959393062875531166e-01
9.979859557699013450e-01
9.980652002789962562e-01
9.956856805048033277e-01
9.920041413973059719e-01
9.963473631958751353e-01
9.914727687284239366e-01
9.870046638125765659e-01
9.956470160173668260e-01
9.940512490747136498e-01
9.946248037540250664e-01
9.983943400431584125e-01
9.993316678632271355e-01
9.986042176059320985e-01
9.979128618501281744e-01
9.979298484070282527e-01
9.982447655302977285e-01
9.967138309924737927e-01
9.985540397786014655e-01
9.996981350512637032e-01
9.980581025176836762e-01
9.936885946257838498e-01
9.931418324663773278e-01
9.937731707129290326e-01
9.907220991944885036e-01
9.941235899211264826e-01
9.991740943348177417e-01
9.998020009684566167e-01
9.996997960472904232e-01
9.993026898617969334e-01
9.991609823899648690e-01
9.989812732273705143e-01
9.985389966814692819e-01
9.982939625557912811e-01
9.983880660240714855e-01
9.989585720238545186e-01
9.995342513580437460e-01
9.999411355235435783e-01
9.995543176765205873e-01
9.969811165772956008e-01
9.962741016241982717e-01
9.981766121134820757e-01
9.991457682564545140e-01
9.997876328393309198e-01
9.997300380574436485e-01
9.992804081217583345e-01
9.993453323519142506e-01
9.995204510622305305e-01
9.988605799498498916e-01
9.994418564048246356e-01
9.999162645984243092e-01
9.999532575875201834e-01
9.999585840801163972e-01
9.999650152568009265e-01
9.999641262679274112e-01
9.999296759148612601e-01
9.994203690205089030e-01
9.982677617957219640e-01
9.983586244429650813e-01
9.986028066236961598e-01
9.994701914910149032e-01
9.999196312174747359e-01
9.998529844113840381e-01
9.998068822634751385e-01
9.999501524563458865e-01
9.999870943756288266e-01
9.999561092304392051e-01
9.999753686379498907e-01
9.999980475298120286e-01
9.999999800453948096e-01
9.999991159458412326e-01
9.999711082363538228e-01
9.998467352246813711e-01
9.995234064007875174e-01
9.989185100991300192e-01
9.995772713057280434e-01
9.999753666682376085e-01
9.999575004802920830e-01
9.996935097494509259e-01
9.996871455213853785e-01
9.999548607912382980e-01
9.999990797070524851e-01
9.999997927909954898e-01
9.999661701455121454e-01
9.994946241548285926e-01
9.989254291899176685e-01
9.996628641187113029e-01
9.999713477439868825e-01
9.999628398678086505e-01
9.999543555133330042e-01
9.995119021979652629e-01
9.972142735357010235e-01
9.975763085304355515e-01
9.996741361248502322e-01
9.999930625316314492e-01
9.999999845723699377e-01
9.999376008348372924e-01
9.985560654054324026e-01
9.952468652444688146e-01
9.977615683102302180e-01
9.997576095109773631e-01
9.999097307938394907e-01
9.999496501996588682e-01
9.996638115599609797e-01
9.961724409655743351e-01
9.910743313222150075e-01
9.969537581166295626e-01
9.997128110023700831e-01
9.996513550424780403e-01
9.998481429446809399e-01
9.995843116349812929e-01
9.935979154425753634e-01
9.853602010609935347e-01
9.951991918827574057e-01
9.997572289271001722e-01
9.999713631397058045e-01
9.999902178610089454e-01
9.995977325804724645e-01
9.921044943967365359e-01
9.768190003321827186e-01
9.901008317271593473e-01
9.993335802690582748e-01
9.998897516570742772e-01
9.996376754551830057e-01
9.992513119153115797e-01
9.939928327527136620e-01
9.726965578163043746e-01
9.805201124196570861e-01
9.977458208521401417e-01
9.998380705327813978e-01
9.999391770052056261e-01
9.998448901480648798e-01
9.976032265463439241e-01
9.773948249316358750e-01
9.638165012328929748e-01
9.909694327319809037e-01
9.987244021393684168e-01
9.984991382370419499e-01
9.978703133827352412e-01
9.968073145763448606e-01
9.885791764814843008e-01
9.549590223698228852e-01
9.663163468945735746e-01
9.912834525674963926e-01
9.908949329150669172e-01
9.898782613975021238e-01
9.877146546508093206e-01
9.820740520593815859e-01
9.645525697456074354e-01
9.323295192502469853e-01
9.557991741268325736e-01
9.714457606686567326e-01
9.707603803045606883e-01
9.685954701482913931e-01
9.616935624686585582e-01
9.578267523052935717e-01
9.395490670417361301e-01
9.039018613305259686e-01
9.341621410776888013e-01
9.549665848828075010e-01
9.484093817820420380e-01
9.387809755144185253e-01
9.399093143413889129e-01
9.533749818702069723e-01
9.058828243699373894e-01
8.744623105393328766e-01
9.331563920547842894e-01
9.452913653795105287e-01
9.237774599481539672e-01
9.227805280948643274e-01
9.602384122508568209e-01
9.375771024238247486e-01
9.017218068173465939e-01
8.758678476365400201e-01
9.467588769720107766e-01
9.393331281321690707e-01
9.215999838943604860e-01
9.349363245736992400e-01
9.787346886548345948e-01
9.592021844878927395e-01
9.309456544467954453e-01
9.369768335807278081e-01
9.738279019983547835e-01
8.891305703013638873e-01
7.379072199460456893e-01
6.362634846241776998e-01
6.702421309350039547e-01
7.761613699962204294e-01
8.492810021420054145e-01
8.880923581702043768e-01
9.159169004355074417e-01
9.474786642039573215e-01
9.716212959930167203e-01
9.736896962988839110e-01
9.479856847066376879e-01
9.526027256220697126e-01
9.670047645308407214e-01
9.872762502636808213e-01
9.663649752355906175e-01
9.435972242751304861e-01
9.497515361313573212e-01
9.764681662849373778e-01
9.794950575570191553e-01
9.461372780391245074e-01
9.423225103736841968e-01
9.550949808195567936e-01
9.880546846165146890e-01
9.862105018569167214e-01
9.522769008992838513e-01
9.487946424054330974e-01
9.599242477159430909e-01
9.744593326149789680e-01
9.771312410975345752e-01
9.585256047461983009e-01
9.565080590089839463e-01
9.720006673723063928e-01
9.954798695256715790e-01
9.915178355385841913e-01
9.673532266622356657e-01
9.580178229898617115e-01
9.541614906949977826e-01
9.840580254008312044e-01
9.924703240560414086e-01
9.739999768340682484e-01
9.718672384559562394e-01
9.807352795128870815e-01
9.959493463954365300e-01
9.985866956906709335e-01
9.850862280772694213e-01
9.626315655596492382e-01
9.742830988000203973e-01
9.943332303660101790e-01
9.985010208345513893e-01
9.927443559154948138e-01
9.876978601814442316e-01
9.879230067534681137e-01
9.914119467742693592e-01
9.950501931025491631e-01
9.831474797470760585e-01
9.835356926671904310e-01
9.893121530499670024e-01
9.925477933338848757e-01
9.982269116285619193e-01
9.993021133163546565e-01
9.989739668233934555e-01
9.979619721330156290e-01
9.967709598451913733e-01
9.894250190567847048e-01
9.867266346380330067e-01
9.972502254140255262e-01
9.991556371825252025e-01
9.979363224440849223e-01
9.979321219464619697e-01
9.984750601931795533e-01
9.984319329322823844e-01
9.967159475226292642e-01
9.947727537785580054e-01
9.867620985879713702e-01
9.916770766354553457e-01
9.987479192580139831e-01
9.996075276800281406e-01
9.998856955927601931e-01
9.994976012977544455e-01
9.986235275053078064e-01
9.990822595617180335e-01
9.988465140420210719e-01
9.949454198229211732e-01
9.926210667773901486e-01
9.972237358332279866e-01
9.961182522420823915e-01
9.964850127177433681e-01
9.993387555267145839e-01
9.993676592322749963e-01
9.961187926986868613e-01
9.918756208657087958e-01
9.952111716573850408e-01
9.901278483500908223e-01
9.824183825293456573e-01
9.915289084370174644e-01
9.946209491686865967e-01
9.975581539457250013e-01
9.979420171713905274e-01
9.961231810987520863e-01
9.966093152734160077e-01
9.980459051162452466e-01
9.985457213768980100e-01
9.972586022048736121e-01
9.974744844336476124e-01
9.968508381445989608e-01
9.879700364435093363e-01
9.763640172959601182e-01
9.837795174180649083e-01
9.935924280291369426e-01
9.956908829537532979e-01
9.916840882482008679e-01
9.951757385505968223e-01
9.975567323561778110e-01
9.989642621167542647e-01
9.986148901763947094e-01
9.936364443569161153e-01
9.920060239280004133e-01
9.954376274734958452e-01
9.976784902809338051e-01
9.957367747832004401e-01
9.941528857448567180e-01
9.948546146906078746e-01
9.936750489166323863e-01
9.818048350360255583e-01
9.778731546669203745e-01
9.882133711537181009e-01
9.927282309306392216e-01
9.931465644825036021e-01
9.905104058945594092e-01
9.881864145275861544e-01
9.855356620313435734e-01
9.610573830229002246e-01
9.671011891595109322e-01
9.904159299529269322e-01
9.891248756452806212e-01
9.907133568611734553e-01
9.936752093739150693e-01
9.980396840517922197e-01
9.995625075495579992e-01
9.991932597557507956e-01
9.900828348002080892e-01
9.681774044497687415e-01
9.668465283149590972e-01
9.813715828754013826e-01
9.854343710753981078e-01
9.654419638747503418e-01
9.588333232295669362e-01
9.730257468189745795e-01
9.595560442192141437e-01
9.718282127957457162e-01
9.949995819460636381e-01
9.992296267856605185e-01
9.989866655659206396e-01
9.930322571179035496e-01
9.823796117564398411e-01
9.835750373119224177e-01
9.623657040946921315e-01
9.695864429057322598e-01
9.816328932084849024e-01
9.374289417998530327e-01
9.477699017663501202e-01
9.698338132070588591e-01
9.214706904649627717e-01
8.867266078649188588e-01
9.385630893802764385e-01
9.866166468507311382e-01
9.948617642875176026e-01
9.968618955599123366e-01
9.837073151969405460e-01
9.711594594536512304e-01
9.878600420125911441e-01
9.957619704470657140e-01
9.879466016641026416e-01
9.226662782719118328e-01
8.836822358529544674e-01
9.424246046491601136e-01
9.542885114656629586e-01
9.783466034312044979e-01
9.958715864012799290e-01
9.815424849524199136e-01
9.102591959266325139e-01
9.269230304434478152e-01
9.873276999381610519e-01
9.926580723225006953e-01
9.895723866655947720e-01
9.897208607149463599e-01
9.814106972648125593e-01
9.065606857192891610e-01
8.745632672952275977e-01
9.233809203450815684e-01
9.618035541028515656e-01
8.989927927758846193e-01
9.011916083832511859e-01
9.644921161058475079e-01
9.812808580279140935e-01
9.953234057676528801e-01
9.990288192001697265e-01
9.976694521825240081e-01
9.774724742300218150e-01
9.131969661557866047e-01
9.266451510263348235e-01
9.721076859669813830e-01
9.401067034754442275e-01
9.292755551730061958e-01
9.494268196790679459e-01
8.781767601898841091e-01
8.111935671530268177e-01
9.293635568674170067e-01
9.489970441832104031e-01
9.415904932073195788e-01
9.343094937673107614e-01
9.173590609348654112e-01
9.447429406820729847e-01
9.464556923865063975e-01
9.146397692203358520e-01
9.166754741943077267e-01
9.680326205725194866e-01
9.834817243808967602e-01
9.902558661687659303e-01
9.862763706953042719e-01
9.031661009614574409e-01
8.415596065143955418e-01
9.435827304871794441e-01
9.909797485281552909e-01
9.955008951095387637e-01
9.869793131697746080e-01
9.409170225637407681e-01
8.869498332917986616e-01
9.122086720183932851e-01
8.846232260860459329e-01
9.353632979166429662e-01
9.272355288965694609e-01
8.941030619066882013e-01
9.562449050977051002e-01
9.118248978804369687e-01
7.760718060462202805e-01
8.171578344215403300e-01
9.205772554195218449e-01
9.778468298032582107e-01
9.619677506214562301e-01
9.149030677399356826e-01
8.435751916076980050e-01
9.131940056326496302e-01
9.489999076582800175e-01
9.487765999130559624e-01
9.397427270792213516e-01
9.245259191294038503e-01
8.993165083689085293e-01
8.361757077809325311e-01
8.286650444932672777e-01
9.100392292674880368e-01
9.729716755112781668e-01
9.400999932732112541e-01
8.481439075641334924e-01
8.658678531364728537e-01
9.461826027616282442e-01
9.888424566316125208e-01
9.903914526004047314e-01
9.485817803453818753e-01
8.749932005590590478e-01
8.677083783634795822e-01
9.308030642218866335e-01
9.622944333461106448e-01
9.479676888322601247e-01
9.471398885077497720e-01
9.555823321633299949e-01
8.645036415746792935e-01
8.317684983077798799e-01
9.189906148288236043e-01
9.442715082510566571e-01
8.983781269622195254e-01
9.106818475704281379e-01
8.236267778119513716e-01
7.776914486609428634e-01
8.049624303500844125e-01
7.937836061611552863e-01
8.079433722999183054e-01
8.274526638378343346e-01
9.307316935391219959e-01
9.453851955005292407e-01
8.575740317445581518e-01
8.257011129177348474e-01
9.130920377302509383e-01
8.716320280367967355e-01
7.978290802506310397e-01
7.676118280364827573e-01
6.750128626656902719e-01
7.720560857573363078e-01
7.612761205625269145e-01
7.173265961425918658e-01
8.090383461795765951e-01
6.736851321830195083e-01
7.540320981901216246e-01
8.832465308133963244e-01
8.825331722139980739e-01
9.167902989695441152e-01
8.009661594099785065e-01
6.369170517419767696e-01
6.797161098736520524e-01
8.169125115865428777e-01
9.429121339921070488e-01
9.103897770177575843e-01
7.927430135687658641e-01
8.440740788826891494e-01
9.480814833183793811e-01
9.460874216380996682e-01
8.714769707179719216e-01
6.390005708690259523e-01
7.135662235830856348e-01
9.255013896666415274e-01
9.544512335327776098e-01
8.871059375232869249e-01
7.758825575735176505e-01
7.583932792304101111e-01
6.950329143050261171e-01
7.891822359862936676e-01
7.425727107519500825e-01
7.922640033308624430e-01
9.451258847623462689e-01
9.026920584245607948e-01
8.176583337964907772e-01
8.755568623410570073e-01
7.881433469206847731e-01
8.562096402573594611e-01
9.636562254805707273e-01
9.192725892510480445e-01
7.012762588219088045e-01
5.887181330854009964e-01
6.557186587037052705e-01
8.657176834983361102e-01
9.378337895537715019e-01
8.527247672370522613e-01
7.452075747272157713e-01
7.485325358224995673e-01
8.856403863521600250e-01
9.377684150769335369e-01
9.398326052324175173e-01
8.774988604245831381e-01
7.835822625654058626e-01
8.531849747736028888e-01
8.552684941405926944e-01
8.951526653478325546e-01
8.764868947560312540e-01
6.485721676331260843e-01
4.872548019171850653e-01
5.180105650995787681e-01
5.074615215558480052e-01
5.792797838229005736e-01
7.752299773518835924e-01
9.100240320096595337e-01
7.785410915469103132e-01
6.289343762789859626e-01
6.899431720185196237e-01
7.516555331892196268e-01
7.619681616070658192e-01
5.486642229220303202e-01
5.973508629940523784e-01
8.054862335761270309e-01
7.949049417528613048e-01
7.095221744738239300e-01
4.681352448838541624e-01
2.240463003384163265e-01
2.954251857065623987e-01
3.714676194595256664e-01
2.906620372752806714e-01
4.298867793500983914e-01
4.387402257970408059e-01
5.641200179473225829e-01
6.670425088614798659e-01
7.636807480977396700e-01
6.469169943695631808e-01
